  -2.5562557869329278e-01  -2.8756590950787597e-01   7.6023155301172041e-02   1.2843270784714164e-01   2.4851036195272569e-01  -5.3205041990733249e-04  -2.4538648401536567e-01  -4.7167651824172284e-03  -3.1947823993919927e-01   4.8635990618958619e-01   2.0876923939518569e-01  -1.1405400632260579e-01   1.1738875230462020e-01   2.8077154423051898e-01   1.3163732279568419e-01  -1.6561165756281925e-02   3.6316618107825166e-01  -2.5773518593733291e-01   3.4342918465766975e-03  -6.2792719505354894e-02
  -1.9920380427239595e-01   6.0425434356320550e-02  -4.8419689695830370e-01   2.0470672425071335e-01  -2.9027401227756863e-02  -1.8215383817334636e-02   1.7944393656435759e-01  -4.4938549590685446e-02   2.0430123401136671e-01  -1.8267496091412103e-01   7.2154079699159351e-02  -4.0909080177688642e-02   1.8886617784426224e-01  -1.3580568857205755e-01   3.3833438815981037e-01  -2.5519261493788725e-01  -4.6618473850166146e-02  -5.2422145881728222e-01  -1.2909110280345520e-01  -1.8862466404030656e-01
  -2.2943171578380578e-01   5.1882692483629526e-02   2.0249694958774586e-02   2.2985533981796886e-02  -1.7044959127321668e-01  -1.2714947023264561e-01  -1.5302827315322905e-02   5.6708113768254864e-01   5.8095403290040322e-02   2.6843851367612359e-01   1.3003397523805757e-01   2.8243829073175519e-01   1.9025252313444685e-01  -2.7936266687870875e-01  -3.6122964068194724e-01   9.4655988623023005e-02  -8.1886205947557564e-02  -1.0821063405848196e-01  -3.5264392191344351e-01   9.0124087844858286e-02
  -2.3465020767948011e-01   4.2038781949849946e-01   2.1395691479012516e-01  -8.8583857176507907e-02   5.5088970546326346e-02  -1.6639848930692860e-01   2.3258747642746894e-02  -1.9393702582278519e-01   2.2590863020052238e-01   2.6289410798257912e-01  -2.2572607510545864e-01  -6.9881180021857905e-02   1.3273258781093622e-01  -2.4059360132637034e-01   1.9526481039459334e-01  -2.6732947202090568e-01   3.5731492598432191e-01   3.2796085707291756e-01  -1.8500458673678041e-01  -1.2318139665103645e-01
  -2.4712035740255214e-01  -3.8529108376332294e-01   5.2355239000064654e-02   1.3588102548259245e-01  -1.9094670329085783e-01   7.4714076746555701e-04   5.4817378461601389e-02   1.0959119065965275e-02   6.3529742691842431e-02  -2.3569596466012663e-01   2.1417899521418624e-01  -4.9175847493456165e-01  -9.9356707233313385e-02  -5.2769347053692295e-02  -2.1689735484377946e-02   1.4971666804036768e-01   1.0586731896742408e-02   3.4335592144996907e-01  -3.8898844270329441e-01  -2.7846798767586789e-01
  -2.6503423425582001e-01   3.5473206152873893e-01  -1.0806873290422855e-01  -2.1998070997016225e-01  -1.7714818226132648e-01  -1.4055743220476946e-01  -5.2717597426726825e-02  -2.2002450872324408e-01  -5.1582525403628943e-01  -1.7348871989275139e-01   3.9390736253791275e-01   1.6953246638444077e-02   1.1325828028911479e-01   2.5940969072627561e-02   1.7457392547532488e-01   8.8327683538520441e-02  -1.4407942151244818e-01   1.1803891445459370e-01  -1.0939901536831147e-01   3.0242517676065905e-01
  -2.2467619641920475e-01   1.1466922047023553e-01   4.9798068151559446e-02   3.4213673794565297e-01   1.9719869901391524e-01  -3.5391877727364490e-01   2.8200591749151088e-01  -2.2174989964782118e-02  -3.4181826887867667e-01  -1.9216805875120944e-02  -2.9600787663974049e-01   2.0779866041640160e-01  -8.6780522761109008e-02   7.1442441849774885e-02  -3.5094890543266054e-02   2.6305867834893221e-01  -2.2264384822107181e-01   5.3255373672746104e-02   8.8615499182630633e-02  -4.2583306511912988e-01
  -2.1871553868266075e-01   1.0793297373838202e-01   1.7054048794002361e-01  -2.8385560734426346e-01   1.5010410026196810e-01   1.2708701816535084e-01  -3.6876511237321108e-01  -1.0520835658209605e-01   1.7599815678226119e-01  -4.9284660396602453e-02  -1.8057687298033495e-01  -2.3841066046747527e-02   7.2181426052001840e-02   4.0645186455130694e-01  -1.1278657221862250e-01  -1.0220202467796219e-01  -4.8208128004469603e-01  -1.5542948954031210e-01  -3.0120518492703918e-01  -1.9409209449116718e-01
  -2.3405343486056499e-01  -2.0583161370594114e-01  -1.4423356914899749e-01   6.9719904108893324e-02  -2.2311136148489125e-01   1.6047268979957877e-01   9.5344777676034387e-02   7.2904176181439184e-02  -1.9614559065702966e-01   1.1637813493076116e-01  -8.9541608853639237e-02   2.1487621605990177e-02   1.8333803641514812e-01   7.0825871633110868e-02  -1.6632574901282449e-01  -6.3381104959182422e-01  -2.3048673067923856e-01   3.2831841613897367e-01   3.1199983503523754e-01  -2.2025109819194082e-02
  -2.0442662247249840e-01   1.7480620564211408e-01  -8.9296832662295947e-02  -4.3324651285617949e-01  -2.2199504716522314e-01   2.5116119661783615e-01   1.6754528891664139e-01   4.5050011125907558e-01  -8.3488064855907242e-04   7.4196336577485381e-03  -1.2245892683134146e-02   2.6736800873434351e-02  -2.6222863629182486e-01   2.4358965182176925e-01   2.4920860717410340e-01   1.3906564381723394e-01   2.0396161670785462e-01   6.3471542653926790e-03   2.0070588999560537e-01  -3.1016536243223508e-01
  -2.0678694272032738e-01  -1.2542927263055811e-01  -2.0736000978881600e-01  -3.2593714920559758e-01   6.3730807813510948e-01   6.3033451411458122e-02   2.7396071720016774e-01   6.3697745872602018e-02  -1.2706822504817569e-01  -2.3462868863624808e-01  -8.1559431550936548e-02  -1.4838092931195885e-02  -1.5056536503347978e-01  -1.0543680715494157e-01  -2.7062061035152774e-01  -1.4714541035123638e-01   1.8294846170432721e-01   2.6065668294785314e-02  -1.6052544046906314e-01   1.9069767222828149e-01
  -2.2274750963019624e-01   2.1778764177306353e-02   2.7958333221223092e-01   7.8910802923738532e-02  -1.7286051228567512e-01  -4.0710554946384858e-01  -1.9940369155965490e-01   2.5508074426923838e-01  -2.7760048231662886e-02  -3.8694825642103220e-01  -2.6729133520395637e-01  -2.7221641225160415e-01  -1.1402263537799881e-01   6.6093158382076370e-02  -5.1893131972418981e-02  -1.7871397819797105e-01   1.7453652168497202e-01  -2.6647530267570968e-01   2.0470571538238810e-01   2.7138202545253037e-01
  -2.6111127231081238e-01  -3.6254554370167941e-01   1.0028455338343160e-01  -1.9539264262925360e-01  -8.0616082990817670e-02  -1.1281703142822955e-01   2.0516221858771197e-01  -1.3849101377198939e-01   1.3356815288244159e-01   3.3413767723465171e-01  -1.7535251215887251e-01   2.3982008506690099e-02  -3.0713778604088543e-01  -1.8291701144938499e-01   3.6196623614527618e-01   1.0168918349412395e-01  -3.4167219937253795e-01  -8.7616954777565703e-02   1.7844711029985336e-02   3.4197776143975500e-01
  -1.9244081877555561e-01   2.0781629851155164e-01  -1.2783798458298753e-01   6.7141645067890235e-02   2.9592394604507111e-01  -2.1250417570762331e-01   3.0783596798071845e-02   8.6743228938782044e-02   4.3659799397882260e-01   1.3895039704286877e-01   3.9025710818431081e-01  -2.8391990112970172e-01   3.8706041297171069e-02   1.1379531079448785e-01  -1.2874506729550078e-01   1.4218715113460981e-01  -1.9930670915020599e-01   1.4382044895546398e-01   4.4302589140845156e-01   8.3497098580675500e-02
  -2.1402144032970283e-01   1.2012153012587408e-01  -2.0584385033212166e-01   3.8581097181010776e-01  -1.6744539663581637e-01   1.4482154381440779e-01   1.0936942801549768e-01  -1.5096432179714100e-01   2.1538991290344373e-01   2.7873819894067311e-02  -9.8375862541898340e-02   2.2216031903953590e-01  -2.6174246207541008e-01   4.8872604833633132e-01  -1.3294166603938432e-01   5.5398214278892549e-02   2.1394739708962329e-01   1.0864499456968718e-01  -2.2043177952069490e-01   3.5257029818355301e-01
  -2.2465308262142680e-01  -9.0065327310299190e-02   3.9967973843711568e-01  -3.0465104093127277e-02  -4.4302159536276621e-02   3.0124059730112085e-01   3.9158268029575993e-01  -1.3893406182737200e-01   1.0396939699589798e-01  -1.8811445549109768e-01  -3.3054412583392596e-02   5.2377672801199905e-02   5.7683056969120949e-01   6.0246567448420350e-02  -5.2914665194784799e-02   2.5503647272638902e-01   9.7547986276992571e-02  -1.2293952335090480e-01   1.5847073403837042e-01   1.0684960491939000e-01
  -2.2799123726993356e-01   1.8716807459217930e-01   3.6405772980601697e-01   3.2634800322115526e-01   1.5766868754163971e-01   4.7679056495281386e-01  -1.4159924077202815e-01   2.1012018846863389e-02  -3.9564038341158812e-02  -1.1934692672162336e-01   2.5273626947590949e-01   1.2899564831036844e-01  -3.8203270343553636e-01  -3.3187070389993728e-01   6.4824880424834253e-02  -1.3664678969369143e-01  -9.5385370081928642e-02  -7.6538616229340356e-02   1.0215128773831640e-01  -2.4266719562984353e-02
  -2.3631386054351325e-01  -2.3817145645753793e-01  -2.4542946692604103e-01   2.9257202766797222e-02   1.2666224188330177e-01   1.8360301353163980e-02  -5.1653655896421968e-01   7.4420900380623503e-02   1.3275918537350384e-01  -2.4830595326252763e-01  -1.6480180329961810e-01   3.5587391401454760e-01   2.0012401128358334e-01  -1.4138521709448840e-01   2.5731921978765748e-01   2.3643944977551001e-01   8.6677629719234331e-02   3.0090148937763161e-01   1.5297928375545067e-01   3.0154610381048080e-02
  -1.4243974310092122e-01   1.9166784009176263e-01  -3.0877761797822861e-01   3.1900028516522967e-02  -1.2157080088657329e-01   3.2066556836460552e-01  -1.7385096235262476e-01  -1.3390497364647216e-01  -1.6507422903175009e-01   1.9560747574248480e-01  -3.8812765429813828e-01  -4.3154253192751085e-01   1.1279546923259672e-02  -2.7748266791949727e-01  -2.7238987858516323e-01   3.1017622922355303e-01  -8.7043316523994219e-03  -1.2550243289247473e-01   1.1400410182912993e-01   4.5997672705033008e-02
  -1.9773127493293549e-01  -1.4269431844898961e-01  -3.2058513372657076e-02  -2.5074203517849708e-01  -2.4737797709013354e-01  -1.8975431708979712e-01  -9.0057517255657832e-02  -4.5670313436236387e-01   1.2793281278576432e-01  -2.8331102624557278e-02   2.0080255035911468e-01   2.7659176268722718e-01  -2.0011810597459109e-01  -1.3106436387727011e-01  -4.1989249804266382e-01  -1.4622649113283558e-02   2.0400299532326352e-01  -1.8364155506812399e-01   2.0113239244510975e-01  -2.8144666109196304e-01
  -2.1977795981331419e-01  -5.7177875434942731e-02   1.1202754648684213e-01  -4.0361938241189871e-01   7.7545313827242848e-02  -5.6994147707157473e-02   1.5425408734103674e-01  -2.1847058203566327e-01  -4.2293664524080765e-01   2.5589281894083681e-02  -3.5143873924060826e-01  -9.6309196683210405e-02   5.5920818643279378e-02  -2.8207755363221493e-01   3.2660454088693064e-01   1.6528393915723399e-01   1.5787615356653711e-01   1.0709349725930969e-01  -1.3117767618187245e-01  -3.3103428520885686e-01
  -2.1785041119244167e-01   2.2759939685735531e-01   2.6960137278330581e-01  -1.1670641889266312e-01  -4.1523436011442078e-01  -2.5383933672243668e-02  -3.8994671033038592e-01   1.6877142453617398e-02  -3.4410458096759472e-01   1.8841117215189737e-01   9.7768672522893105e-02   3.4328432674297532e-01   2.3789483659813693e-01   3.0149896393845704e-01  -1.1863357209078965e-01  -1.0313276179587322e-02  -4.0198180237389462e-02  -1.7059930760852299e-01   2.7746068227428568e-02  -1.2063137486772603e-01
  -2.0250523847361990e-01   5.2158309777035575e-02   3.6866874133542060e-01  -3.3258879198944508e-01  -1.2686396061999367e-01   2.2071175252877676e-01  -8.6180558431460177e-03  -9.6834789542278657e-03   3.3825976898445237e-01  -3.9639780637135975e-02  -1.6956255452609809e-01   1.6696329500527293e-01  -3.5370074093094295e-01   3.4998006620222101e-02   1.1604017865033310e-01  -1.9716257664416317e-01  -3.0799898334481662e-01   3.1047433811169184e-01  -2.0296361327119125e-01   2.4703123200624089e-01
  -2.2770782730383834e-01  -9.1012052478614283e-02   1.4564207115070138e-01  -1.5135730860622110e-01  -4.8070900412772136e-02   7.4458209052258251e-02   9.2298948277263152e-03  -2.2471540979342633e-01  -4.4939327748290889e-03   1.4176121209234761e-02   5.0412890347896455e-01  -5.3780697882096851e-01  -2.6609133586714039e-02  -7.0462752419253219e-02  -8.1872781350577031e-02   1.8742465688126786e-01  -2.9122405714753113e-01  -3.3181360148126532e-01  -2.1682440623286334e-01   6.5391628259133347e-02
  -2.1249273116648346e-01  -2.3334158974680361e-01   1.5717175094098393e-01   1.7572710727736277e-01   2.0892313521673306e-01   2.6325886022049333e-01  -3.7502912185393610e-02  -2.4632735515085571e-01   1.5119855211354244e-01  -3.3899012482528024e-01  -2.9245283378726705e-01  -9.6408815760154282e-02   2.0129342304186626e-01   3.7246184008765332e-01  -3.4695524562948526e-02  -1.1978463725620551e-01  -1.8923968066129473e-01  -1.4362834466288008e-01   2.7270188312739485e-01  -3.3402563207703051e-01
  -2.3511330550865217e-01  -3.3107223599955393e-01   1.7678827359955995e-01   1.7508452077665540e-01   1.0501361076351116e-01  -3.2057492369509932e-01   1.0173457507100877e-02   8.7293342320803255e-03  -6.6887686539624611e-02  -3.5069399129777284e-01   1.1504299673099096e-01   2.9892591424931464e-01  -3.1379037680769989e-01   1.6265241308242073e-01   1.1528927196969749e-01   6.0301041901219689e-02   3.4451714391703187e-01  -2.5601784559945995e-01  -2.9060095274007652e-01   1.3653717266051654e-01
  -2.2026769794620124e-01   3.4030370520965636e-01  -1.8327673608501974e-01   9.9338841947103171e-02  -2.8908751303202248e-02  -1.7317832980783654e-02  -4.5968277475695296e-01  -1.7316525448690537e-01   2.0241929293223304e-01  -3.9257462386420339e-01  -9.5514481813253518e-02  -5.8001760307511564e-02   1.3217454155667009e-02  -2.2550143610171247e-01  -2.6945076025705844e-01   3.2062503353770505e-01   1.5047800293551422e-01   2.3638978883749939e-01  -1.8326665384846164e-01  -6.0589626953554673e-02
  -2.1943492997389169e-01   2.2043594777810174e-02  -5.0673055691798858e-03   4.8505263638934570e-01  -2.0911441517806661e-01   3.9042383836268257e-01  -1.0546850947041417e-01   4.8187292429666406e-02  -4.5224070179945057e-02   9.5691201484347149e-02   2.9603391615142204e-02   3.8973497185411880e-03  -5.0256016698427351e-02  -1.9021663586042634e-01   5.9231862527457801e-01   2.1808331368897138e-01   9.3001259914624514e-03  -2.6390047378673082e-02   1.7931438821728060e-01   1.5593443863939307e-01
  -2.1680195745680811e-01  -2.6634693222623768e-01   3.0610650250524718e-01  -4.3454811330736989e-02  -1.1618008436129949e-01   1.3412732139208483e-01   1.4343656461842313e-01   2.6111356542258107e-01  -1.1200181524891203e-02  -1.6902316950458690e-01   7.8174145465857783e-02   8.9810857922543244e-02   2.1192186108415917e-01  -5.3076915474464970e-01  -3.8252557261087738e-01  -8.8503553624395423e-02   1.6470342942829877e-01   2.3127268106179294e-02   3.2130137167499978e-01   1.0803161888535860e-01
  -2.2994764989919644e-01   3.9455150237907238e-01   6.1677854070172969e-03   1.5110248091945866e-01   2.6166807464064967e-01   6.3165497267985954e-02   4.5450730298057690e-01   2.6422652704120553e-01  -7.3203686539658988e-02  -1.6870046566900301e-01   9.6852591767961252e-02   1.6887178975781755e-01   4.1572692910304387e-01   6.3375387263090444e-02   4.1221402480268732e-02   3.9243789360771941e-02  -2.1108034622810243e-01   4.5670906593891801e-02  -3.4519781820102624e-01   4.6119112561341095e-02
  -2.5283018860174222e-01   2.0464401137305710e-01   6.9063665360646190e-02  -9.9348874643204285e-02   4.5573647519828109e-01  -1.0813988867369971e-01  -3.8053828314653060e-01   3.9574794395132773e-01   8.4773443372599913e-02   1.0734238678317747e-01   1.5378538526941224e-01  -2.0941321050391509e-01  -8.0635347328014612e-02  -8.2987765069855793e-02   2.1047341540016568e-01  -3.8735730360819809e-01   1.3199049211273631e-01  -7.0033245236213376e-02   1.1369766101485247e-01  -1.7187818878898692e-01
  -2.2714312320358254e-01   2.1218230596889631e-01   2.4835902401591300e-01   2.7015011165425812e-01  -9.3898547326538129e-02  -3.2672274115464986e-02   3.4105432187623136e-01  -1.2675906467405754e-01   3.0819617340172772e-01   4.5916721133041033e-01  -4.9119576175055600e-02  -1.1180841399407102e-01  -1.7165403815469729e-01   8.8323474060784807e-02  -2.1833408994998602e-01   3.7515420701705084e-02   3.7462103873719921e-01   2.1487437015728018e-02  -4.2412660240854529e-02  -2.7707941281940596e-01
  -1.5849104971780234e-01   7.8759277687712015e-02   1.0586724327174048e-01   7.4641818861504478e-02   2.7397588222645020e-01  -2.6970206241770989e-01  -6.5783423976430028e-03  -5.4532325180593821e-01  -1.1188246493637859e-01   1.1583246738867302e-01   1.7899420251473588e-01   3.9794725970199521e-02   1.8524360407468463e-01   4.1011638704887270e-02   4.3766204920427723e-02  -1.2779513149093674e-01   3.9352503836678716e-02   3.3225517237279861e-01   2.9891652048124445e-01   4.3769939309294176e-01
  -2.9547242386454275e-01  -1.0805986894012151e-01  -7.2690947592112504e-02  -8.0257284244017207e-02   3.7247238030525383e-02  -4.5274766322898247e-01   1.1168348979290301e-02   2.9809028427326195e-01   1.7766004709966524e-01   1.8193200668890194e-01  -2.8053792642622971e-01  -3.3421787364881800e-02   3.6642665562115779e-03   9.4226593595057001e-02  -2.3501580885942706e-02   4.9235097369657493e-01  -3.0919155993573616e-01  -5.7148598355910289e-02   2.7915642579773858e-01   1.4427433975491066e-01
  -2.1430055792542660e-01   2.4155515872957445e-01  -1.9490580739734448e-01   1.1757413129566481e-01   4.1892518143121754e-02   1.2758478769787160e-01   1.3397909293095267e-01   3.3186725829187906e-02  -5.2050986482352457e-01  -8.2344427818351343e-02  -1.9623037519880657e-01  -1.2353856194671682e-01  -5.2265614515072678e-01   4.2913531131545626e-02  -3.1930571141378672e-01  -1.4830741371214465e-01  -1.3013049263761947e-01  -8.8521768066373629e-02   1.7026859610064718e-01   1.5042227670659516e-01
  -2.0277053981157039e-01  -2.1561422514115902e-01  -2.7685687494821548e-01   2.0467668731637359e-01   1.6808194316688535e-02  -1.5961625841579008e-01  -2.2521334008064671e-02  -1.7718258743721507e-01   3.2004859677975048e-02   1.8251154392321589e-01   1.7930292964030631e-01   3.8099098098538153e-01  -1.2639006184144841e-01  -3.3421438045456825e-01  -5.6877647236694584e-02  -1.9717174664329393e-01  -4.2802716992371059e-01   6.8531585297279193e-02  -9.2886026013066711e-02  -3.9778893410179955e-01
  -2.3270319641045994e-01   8.7508545755080561e-02  -3.0192749976936178e-01  -9.1849667904734048e-02  -5.5112629425670556e-01  -3.0654485394789482e-01   2.3080918662696176e-01   9.9748576419443451e-03   1.2882003456734878e-01  -3.0694761047505881e-01   7.7841866524886644e-02  -2.1612514005790395e-01   8.1667982966895258e-02   9.3811493364771459e-02   2.2735242731380745e-01  -3.5293926867382663e-01   7.6221365696695312e-02   5.7096283489259630e-02   1.4225983644982962e-01  -5.3839207718500585e-02
  -1.9573455046071958e-01  -3.5094147117758079e-01  -1.5169454153208994e-01   1.9998743521811452e-01  -7.8739690382252273e-02   1.9655033985244586e-02  -1.8846877173053436e-01   8.8060965841172553e-02  -9.0926045425484756e-02   2.7206233138342650e-01  -3.3595954293474239e-01  -2.6123945861192727e-01   2.7682709583861331e-01   4.3051904497700418e-02  -1.2912694771188518e-01  -2.8313479442013867e-01   5.3867390289715017e-02   9.0151730588894294e-02  -4.4948926695924107e-01   2.7178050732030729e-01
  -1.9069957334545154e-01   1.0692956580354439e-01  -3.8040771634606529e-01  -3.1688053718329789e-01   1.0096540618433202e-01   2.2864070745436113e-01   5.2732383207983159e-02  -2.2626699148973473e-01   2.5812408382401203e-01   1.4098803067582846e-01  -1.2948927613067399e-01   2.7940632146097905e-01   9.7469759349422827e-02  -1.0200213088057140e-01   2.6851956976040470e-04  -7.0907829447829251e-02   1.8875511500244554e-01  -5.4206463595975440e-01   2.9611883388020056e-02   2.3241160233033711e-01
  -2.6568670779337844e-01  -2.7403256545986987e-01  -3.4330893591686018e-01  -2.4315173682201269e-01   8.2572006353353489e-02   3.4087560922075694e-01   3.9596730566239038e-02   1.4096761760225063e-01  -5.2360033210858276e-02   8.2440713128985099e-02   3.4150470586282317e-01   6.8244536121151403e-02  -5.2916413660801416e-02   3.5432133121006781e-01  -7.1629499339969843e-02   2.0007545789391845e-01   2.1325310330626809e-01   4.1325642407835084e-01   6.3905764579676089e-02  -9.0617822331447717e-02
  -1.9590456517125956e-01   7.9266059088919844e-02  -1.1579623179602891e-01  -2.6216746075654762e-01  -8.9731121923454796e-02  -2.9883318279898136e-01  -2.0473244519105219e-01   4.5559211433846730e-01  -2.3556760815919373e-01   1.9632425904856124e-01   1.9871433050120099e-01  -6.8913548266109556e-02   2.4065450238026542e-02   3.7043034605345426e-01   1.5446368982777034e-01   7.6556849262634022e-03  -3.6782861820008861e-01  -1.9172548915816754e-03  -2.9867006137105689e-01  -4.3274442355144771e-02
  -2.3839511114348419e-01   1.5184533853582696e-01   1.6161028265649108e-02  -1.3224253602501818e-01   5.7305038674514600e-02  -3.8136311186717325e-01  -1.6227115822329727e-01  -3.7188143375478561e-01  -3.0857568614296632e-01  -2.0532952664709431e-01  -3.0937523032964825e-01  -1.8424105445077246e-01   3.9985491363202824e-01   8.4750260292168672e-02  -1.6536617202359305e-01   2.0842514020244965e-01   9.5470834169565172e-02   1.5909778198794189e-01   1.2516741478771642e-01  -1.8446645862811928e-01
  -2.3150960941091167e-01  -1.6608478618879846e-01   2.0971085832147612e-01   4.0089821409152418e-02   3.8459393748599668e-01   3.2405293238161159e-02   1.8699573525461030e-01   8.4222134649773860e-03  -4.0155489968674724e-01  -2.5915906993125060e-01  -1.8197211285312750e-02   2.1713170549876060e-01   2.9319409761305329e-02  -1.1589827622577215e-01   1.7216846689557191e-01   4.5775208667857637e-03   1.6750302680832269e-01  -1.4769649498329854e-01  -4.8701130584709712e-01   2.8694736037929919e-01
  -2.1027545825899369e-01   8.4145533179913370e-02  -1.6637626614712953e-01   3.0756197641566951e-01   6.0325684529264079e-01  -7.8616196016681336e-02  -1.8215911199077317e-01   9.4518712779042988e-02   3.2106021635453974e-01  -2.7163134837108405e-01   1.7016105149669319e-01  -1.9157660727445813e-01   5.2307071425403438e-02   4.1478587231539112e-02  -6.3563002200094740e-02  -2.5074005247279535e-01  -2.2328547195992798e-01   1.5659003216251449e-01   1.2199180292055983e-01   1.0520203773050024e-01
  -2.4082496784942495e-01   2.6642250497920023e-01  -5.2993947589805813e-03  -3.1352156011183291e-01   2.0356445127674280e-01   6.4653715717951518e-02   2.4547899107072599e-02  -2.2501367252881424e-01   2.7051915619885308e-01   9.7838639553503942e-02   4.9256280205835321e-02   4.6852742722687593e-02  -1.8945877485941429e-01  -2.1549958436106059e-01   1.5634388054238851e-01   5.7533497913622333e-01  -2.8679359840855106e-01  -2.3503248394126958e-01   4.5413419265249146e-02   1.0549955416271860e-01
  -1.9493780222163248e-01   2.1673476221232596e-01   1.8651358847785021e-01   1.6219553699915273e-02   1.9275969081135549e-01  -7.3090539144610167e-02   4.1748021277604941e-01   2.4585490358698148e-01   2.7521011901891168e-01   3.3721023210653833e-01  -1.6897851182745785e-01   2.0038851313802086e-01   2.1428694427645837e-02   2.4554130928408149e-01  -2.4321755075749962e-01   1.2325368277505197e-01   2.7513300014224057e-01   3.4350089978651538e-01  -9.6992479357246184e-02  -7.9917612646988476e-02
  -1.8781722205855109e-01   9.3876204967888344e-02  -8.4642860355963731e-02  -3.4797652681575669e-01  -9.3952322355638440e-02   3.5865097013634073e-01   2.0011138507170101e-01  -2.6866958652367895e-01  -1.5751872367038403e-01  -7.9634178493826299e-02   1.0811677876007546e-02  -2.7595656969697482e-02  -1.6313649837360006e-01   1.8160160241549175e-01  -4.7356259435319004e-01  -3.2766734602711606e-01  -2.7735142863467849e-01   1.3012527944404856e-01  -4.1516682640725687e-02   2.4319153083509298e-01
  -1.9014422025645505e-01   1.1188353228438790e-01  -1.0742264205853386e-01   3.1673477742473838e-01  -9.7629634187741121e-02   2.0769977360651917e-01   1.0441541854572094e-01  -1.3493505234423955e-01  -1.7859629772775795e-01   9.4412645872685580e-03  -3.3248792892005635e-02  -4.9210502893171187e-01  -4.1440549115113545e-01   2.8257761979781804e-01   3.5678258903263943e-01   1.6680270376689674e-01   1.8575255886553840e-01   2.0123147872610331e-01  -2.5018117802091872e-02   1.0212432196977332e-02
  -1.8344032973360783e-01   1.5446569293177087e-01   2.9624156442029681e-01  -4.6365327159803717e-02  -7.0513726534629534e-02  -6.0865557797253389e-02   1.0797187162307180e-01   3.9516276379449594e-01  -8.3402070991004260e-02  -3.0541573888370871e-01   1.6286349857651226e-02  -2.9825464768152044e-01  -3.1537431732732102e-01  -2.8519184891729527e-01  -3.0518636728854770e-01  -3.2561980029790716e-02   5.7770260649055834e-02  -2.8279942730353785e-01   8.5953625790131619e-02  -3.4776686787206390e-01
  -2.6087604334268411e-01   2.6018579639513068e-01   2.4184100908942358e-01  -8.0117893913851657e-02  -3.1799176630607599e-02   3.5453456436327913e-01  -2.9078769526464460e-01   2.3074378262665904e-01  -8.6895619474546146e-02   1.1257644273588444e-01  -6.0972071346382641e-02   5.1227844521450870e-02   2.5723098563941826e-01   1.2814946566085436e-01   1.6859925517139424e-01  -1.3695382393451741e-01   2.4762017540024403e-01  -2.0509287097604501e-01   4.2899212315156388e-01   3.0180055700051250e-01
  -2.2669860704250536e-01  -2.3133473719609915e-01   4.3807663949103876e-01   2.9275688438109709e-01   5.6590713819171905e-02  -1.6511146762579360e-01  -1.7981645960407364e-01  -3.4557367302624759e-01  -7.8459743971296767e-03   3.5142465834005748e-01  -3.6769994298090365e-02   1.3460525858125472e-01  -2.4765244420100282e-01   2.1958422670705602e-01  -8.6629220686102362e-02  -1.7753233231367019e-01  -1.9756264918237854e-01  -2.7314019441789439e-01   5.8209113029996824e-02  -1.6317835547189191e-01
  -2.1821649429526294e-01   1.4596416787682356e-01   1.5289171847956961e-02  -2.0973857891661229e-02  -3.1061251662714551e-01   1.1332865511361914e-02   1.1594483158808464e-02  -8.6815357386405820e-02   3.3543387381983741e-01  -5.3301553139378843e-01  -8.6618696099015000e-02   4.0656162937034307e-01  -3.7596719339767992e-02   2.5731303467808647e-01   3.0444099175787076e-01  -1.4635617629259029e-01  -1.8398810463913399e-02  -1.0097946283503877e-02  -1.0113898233466910e-01  -2.5359085030956063e-01
  -1.7638772457779536e-01  -3.8310297130740750e-01   1.1288152924534021e-01  -2.9417812474497967e-01   1.1446314523982086e-01   9.2977819345109139e-02   9.8845080771787330e-02   1.1781940113692277e-01  -2.8910638542314807e-02   8.5576645915353675e-02  -3.4476851690208471e-01  -5.0008661057791871e-02  -5.0215558228454069e-02  -2.7653370526704596e-01   3.7344108826356320e-01  -1.9521792193571064e-01  -2.3296986776113693e-01   3.8563318554777365e-01   2.2750682371553879e-01  -1.9132328637039017e-01
  -2.4525035305360487e-01  -1.4508852735049524e-01  -6.3651489413708573e-02  -1.2595248288419966e-01  -1.9423700448262524e-01  -3.6545093785462024e-01  -3.2626007201509977e-01   1.5895453539973750e-03   6.6502930194116863e-02  -2.6918691949349181e-02   1.5283569657579443e-01   1.7379263677556320e-01  -4.0623414210315573e-01  -2.0896203827556992e-01  -1.0663043375605555e-01   1.5623975561868165e-03   3.3780628098398841e-01   3.0168346348857067e-01   8.1786098692605544e-02   3.6134032467261340e-01
  -2.0458211452381486e-01  -3.0469646371321324e-01   2.2860995108847235e-01   1.2454107987386087e-01  -3.1867759126610751e-01  -1.8100237017830964e-01   4.4156642523353173e-01   1.5167780313656442e-02   1.2502783805002854e-01  -1.2302872496156303e-01   3.2399616910713380e-01  -1.8544581970971113e-01   3.2031494422167656e-01   5.6565636015094165e-02   2.9997608532707495e-02   1.5591728168529911e-01  -1.7355231764978010e-01   1.9709117768318568e-03   2.1740012985380344e-01   2.9912339182791442e-01
  -2.7659835541234112e-01  -3.1640478738286298e-01   4.6435077008629186e-02  -1.0279998610813766e-01  -1.0386267991399839e-01   3.4652624036599039e-01  -3.1438376950688596e-01  -4.6633413672778880e-02   3.4113710014405163e-01   8.1922657287435766e-02   8.6817919737662688e-02  -2.9293716172773765e-01   2.5512889941510436e-01  -6.9924241091529726e-02  -1.4457348012815449e-01   7.6113426863698319e-02   1.9452676111238631e-01   1.2529818992871061e-02  -4.4500613609908340e-01  -1.7216036892711667e-01
  -2.0821918880160881e-01   2.3970512922392667e-01  -1.9633990987462671e-01   2.9147765929643921e-01  -2.8720270867406777e-01  -1.6290311419358136e-01   6.7159012036770105e-02   3.4304732204926337e-02   1.2052711719051297e-01   1.9054594502986336e-01  -4.8176629783900649e-01  -1.0695749102054931e-01   1.0183533371317631e-01  -3.5083433438384004e-01   1.7292607924577600e-02  -2.2623287182493176e-01  -1.6618766257670389e-01  -1.5124127686721997e-01  -2.4625150603564810e-01   2.6556896158713639e-01
  -2.5190082229178473e-01  -5.2687059355108333e-02  -4.4438454319912019e-01  -2.0866593697118282e-01   1.1297503263150500e-01  -1.6352023436558069e-01   3.0646162851850417e-01  -1.6171647628489419e-01   1.0601002416456045e-02   2.1002730344058909e-01   2.4568159629061992e-01  -4.0980291228252287e-02   5.4871559496294596e-02  -2.9645803316283404e-02   1.4160890377369079e-01  -3.2390287273518448e-01   3.4435047314718586e-01  -3.4067193957975278e-01   1.2461676401064055e-01  -2.1884978664294488e-01
  -2.3518052263986483e-01   2.6199666486654027e-01  -1.9214483331166227e-02   3.0182209917943864e-01  -1.2464159591171842e-01   1.9163602786461520e-01  -1.8884650313184110e-02  -6.8603230415101260e-02  -2.8627930080274233e-01   1.4248355619337508e-01   4.3241904178259022e-01   2.8008285153995377e-01   1.5088206724597605e-01  -3.7662184585249497e-01  -1.0663592670468235e-03   1.5288184859177359e-02  -1.2859463610082206e-01   3.1063273055233787e-01   5.5115760390463510e-03  -2.8577124141431964e-01
  -2.5902086429156568e-01  -3.7507981253210532e-01  -4.6384395224791986e-01   2.3412739283161610e-01  -1.6024470737854953e-02   1.8683263430197972e-01  -1.6134958786087644e-02   2.4287901946383589e-01  -1.3560527273741071e-01  -6.6801537109165615e-02  -2.3726421459219127e-01   2.6965706701386100e-01  -3.8484970331554798e-02   1.2111725845684651e-01  -2.5538787239128480e-01   3.3899771294620118e-01  -7.2064194865815029e-02  -1.6010254085831976e-01   2.1039738540600000e-01  -6.7795279154862803e-02
  -2.3171626723818978e-01   1.2021063751320851e-01   3.0937119749520492e-01   3.5564410109716682e-01  -1.3923988448268909e-01  -2.1995108952778779e-02   1.4019175485680124e-01  -4.5637134063982301e-02  -4.5986148388412001e-01   3.4977690874955630e-01   1.1248784582103070e-01   1.9518723468938851e-01   8.7170899896716003e-02  -1.1847203651726197e-01   2.3520588335691109e-01  -1.4406115609847470e-01   1.7497431493255355e-01   2.7771158279618935e-01   2.3190994056378731e-02   2.7838874108214728e-01
  -2.1540420992615919e-01   3.1735342184414206e-02  -3.5975937135517660e-01  -2.9160532651367826e-01  -3.3982821554252357e-01  -1.3812619483119198e-01   1.8397648521248475e-01   1.0454682809232063e-01   3.4987042424037812e-01   8.3100540426672476e-02   3.3700538446254430e-01   3.6975574168813764e-03  -1.2804634057538633e-01  -2.3627865148512850e-01   1.3310045199223408e-01  -3.2303675820227329e-01  -1.6077769774738257e-01   1.5659342966139361e-01   7.4591065663805398e-02   2.5625362147727038e-01
  -2.2523096196719006e-01   2.7549391885313962e-01  -1.3026588685332025e-01   2.9416517701902241e-02  -5.1557039921010579e-02  -5.1299807714883780e-02  -5.3708344621212323e-01   5.0066329642904028e-02   2.4559391321003154e-01   5.4367163509716453e-02   1.9913016402456005e-01   2.7849299622979456e-01   2.2019034517633471e-01   5.8482672666682013e-04  -1.7624419136972833e-01   3.1817698084719631e-01   3.4684914834791586e-01   1.9947622025540657e-01   1.7936671967260343e-01  -7.5834933009323174e-02
  -2.2059049895496430e-01  -4.2978371980208890e-01  -7.6426777954498218e-02   1.0457039586910497e-01   3.0079239936616927e-02   1.7554125636863505e-01  -2.7763719083298105e-01  -1.6160289765602520e-02  -2.9566484018524568e-02   1.6064220445754759e-01  -2.4706928844483347e-01  -2.3014518854198743e-01  -8.0747828507920408e-02  -1.8473186522685064e-01  -2.4928094127956671e-01  -3.0162359299510829e-02   1.3958292893365788e-02  -1.8923040033287847e-01   4.3331918991803686e-01   4.1548916200687169e-01
  -1.9253570437366330e-01   4.1665290550563566e-01   2.1833296803680291e-01  -1.6173070207642454e-01  -1.1467756238585336e-01  -3.0791895283991844e-01  -2.0858981678756827e-01  -1.0558817301445167e-01  -9.3838673645970982e-02  -1.2846598550153912e-01   1.0939895053209516e-03  -1.7305812501807347e-01  -1.6692956095824563e-01   7.8862715984239912e-02   3.1095885030151987e-01   2.4597615496554138e-02   2.3454210888873027e-02  -5.7238832640232051e-01   1.3815590321946702e-01   1.3773282924015667e-01
  -1.6968330111842886e-01  -1.8517801974935430e-01  -4.6244286992113755e-02  -1.1289362788203113e-03  -4.2638245468444508e-01  -4.8826465640837691e-01  -7.8555012443009720e-02   3.4732968658091629e-03  -1.1944527174007968e-01  -1.1298526270801025e-01  -3.1108524526911702e-01  -1.4527583855882512e-01   4.3680049396687037e-01   1.2954207453301005e-02  -2.2392748686013195e-01  -5.7345679609877971e-02  -2.3434165764979580e-02   3.3572178564825902e-02  -3.4250326320246960e-01  -9.9164523446191692e-03
  -2.3967792429872717e-01   2.0642377268920389e-01  -5.1185269532910416e-02  -1.9224469902195132e-01   1.7172871314488283e-01  -1.4832489745384017e-01   4.2424381231374086e-01   4.1097913254547425e-01  -1.5235419232840605e-01   8.6305792473534454e-02  -2.5798580179620284e-01   1.0358395499304442e-01  -9.6865680977954505e-02  -2.4083461686448746e-01  -3.1968660136420585e-01  -5.5249406647831147e-03   2.6464988026402514e-01  -1.2747579209469320e-01   1.8808151850343313e-01  -2.4650083604689052e-01
  -2.1063554954289060e-01   1.3675024975833641e-01  -2.5008604025310316e-01   5.9053799520615805e-02   2.3773718099473015e-01   2.1617176008254690e-01   1.0052096020493251e-01  -4.0807014526624374e-01   3.0914604798162670e-02   1.3121569230355201e-01   2.0601368749992097e-01  -3.6365433015450416e-01   2.3987403891150264e-01  -9.0241974425769034e-02  -9.7828843879353547e-02  -2.5024659965690582e-01   3.4864764630263556e-01  -2.1573321471526533e-01  -2.8813384213914117e-01  -9.5777062596883053e-02
  -1.8770330658443055e-01   4.8473801304860502e-02   4.9573681826140714e-01  -1.5774158354493839e-01   2.9511585095663585e-03   1.6095625209354192e-01  -3.0126094668854186e-01   1.0501294699233865e-02   1.9445084785591590e-01   2.8953165484950588e-01  -7.7375204434970341e-02  -1.5870726280820039e-02  -7.4463832801784896e-02  -3.6995623751756213e-01  -9.0781432631146700e-02  -1.8891982768067500e-01  -3.2010547469625633e-01   2.7101931107082859e-02  -2.3400343160500275e-01  -3.2064575535380901e-01
  -2.1884856214910281e-01  -1.0579562431644307e-01  -3.2440863043033874e-01   1.7742697276247260e-01   6.1448996559653454e-02   4.4497423542587816e-02  -1.2369534827975683e-01   8.2549101865404234e-02  -3.1827608300751026e-01  -9.5985609974913511e-02   2.3525216628680831e-01   3.8691234373907024e-01  -1.9882291810415212e-01  -1.9514846101175209e-01  -8.9539335260001796e-02   1.8793785273468167e-01  -2.8201394280936054e-01  -3.3327347240780536e-01  -3.8511800505435595e-01   2.9873242920662336e-02
  -2.3363083636682874e-01   1.5592790345108162e-01   6.7365337421182031e-02   4.6996836465311798e-01  -1.0977481782010372e-01   9.3110225045524117e-02   3.1449736908492643e-01  -1.8594925798434258e-02   5.5926277319795425e-01   9.9317206117386495e-02  -2.7916599542490861e-01   1.4821295790950559e-01  -2.4840791437102890e-02   2.0878001868457852e-01  -4.1690857266691479e-02   1.4928199953767929e-01  -1.1054520318078018e-01  -1.9323806210717343e-01  -1.2175973596462561e-01   1.4340452889987773e-01
  -2.0827196579191573e-01  -3.5689043722685215e-01   2.5837495566855445e-01   1.5179720205611671e-01   1.5091406503035534e-01  -2.9719823523082906e-01   1.9639310257821702e-01  -3.5458379970532122e-01   1.6557991993184076e-01  -3.8709400767817637e-01   2.3568220578337060e-01   1.6772089838509621e-01   6.2827597905446897e-02  -2.6140509231738107e-01   3.6864994302757977e-02   1.9650507243286326e-02   1.9452146411115243e-02  -2.0658788574760736e-02   2.7867093970898277e-01  -2.2500573702859381e-01
  -2.4851353449517524e-01  -1.7043718891532755e-01  -2.3472974038965438e-01   4.3914499914075866e-02   1.7622998263446854e-01   4.9901778839728638e-03  -1.0089367700445809e-01   1.5966512081576131e-01   7.5391698038613356e-02  -3.0728230917077048e-02  -3.4385668673935982e-01  -1.4718367765438309e-01  -4.6290472917980524e-02  -1.8693141563490837e-01   6.8929825013222146e-01   1.8025622070378067e-01   1.4611998059486064e-01   1.7028393400642455e-01  -1.3188506976307132e-01  -1.6257548512054087e-01
  -2.1072468890311369e-01   2.8693917561102067e-01   1.0894140314038973e-01  -2.0178494049449696e-02   5.8866397783410747e-02   2.4128721050293589e-01   1.5306173385856173e-01   1.0501753881726272e-01  -1.0376069737320234e-01  -3.7627656018336553e-01   1.0494271883893304e-01  -3.9544476096177805e-01   2.1580642867127625e-01  -1.9426687351214447e-01  -1.0088198463006026e-01   3.8180904369765972e-01  -3.1370760301989381e-01   2.4747432419824528e-01   2.5564350737354618e-02   2.1101542448782795e-01
  -2.2870441382918327e-01  -2.4897589175885074e-01   1.8437347287622624e-01  -4.7101153269579166e-01  -6.6653741124418159e-02   2.3383658182043184e-02   1.6256498694688018e-01  -2.6937745066288571e-01  -4.7887303657393561e-03   1.5306430485380865e-01   3.5997686489939264e-02   1.6824315509317529e-02  -3.0844364230970844e-01   1.9935218482224290e-01  -9.2060981065279435e-02   4.3656229134209434e-01   2.3620300252219753e-01   1.2399187310425261e-01  -2.6195846539998674e-01   1.6468009866490840e-01
  -2.5003344842976094e-01  -2.1279100374782950e-03  -8.6595437264851541e-02   2.6780737740752603e-01   2.1185356594185656e-01  -3.6196412684899409e-01  -7.4398170740990185e-02   7.0622969978410124e-02  -6.3708484048174141e-02   1.9976586599562410e-01   1.9927243774934120e-01  -3.6921466660415625e-01  -3.3809198632218129e-01   3.8653468244952738e-01  -1.4404472130804902e-01  -2.2518885730184068e-02  -2.2871667959306599e-01   2.4211685584302012e-01   6.5168966256067579e-02  -2.2735933052805257e-01
  -2.3695199312911969e-01  -5.5546066777192194e-03  -2.7204175197248971e-02   1.0279531935264327e-01  -5.2728135060632619e-01   4.2822297963783990e-01  -2.9906387816081598e-02  -3.3417463565872198e-02  -1.5000156033531312e-01  -3.6114989967090994e-01  -5.0250935065634869e-02  -3.3026725950126935e-02  -2.9182148270614139e-01   1.6300080574142459e-01  -3.9243444874702972e-02  -1.8837955090011063e-01   1.6042018048890802e-01   6.9920927749464040e-02   1.0449400809002439e-01  -3.4965717719463452e-01
  -2.8186763125823810e-01   1.6632458072354145e-01  -2.0247913287277539e-01  -2.7060148346870044e-01   2.3995750423037857e-01   6.7893315488439090e-02  -1.7244946696640083e-02  -3.9690930919809253e-01  -1.4311957348545931e-01  -3.0667214846642640e-02  -3.4342483069694685e-01   3.3304020093836240e-01   1.5775139746539901e-01   2.5340833282139291e-01   2.8996789460031848e-02  -1.9516765829018654e-01  -3.4786154515477313e-01   1.6655788200301305e-01   1.7734264486823731e-01   1.1319207584742020e-02
  -2.1744066044197358e-01  -1.0162160328208103e-01   2.4216854806729052e-01  -6.1947486795640147e-02   3.4133751281356034e-01   3.7764509628635187e-02  -1.3313648129006911e-01   3.7559417421405217e-01   1.1332068979483469e-01  -3.7799833258183019e-01   6.5572454283470971e-02   1.0311248240894604e-01   1.0500983469512071e-03   2.6072159159391589e-01  -3.9382114872322051e-02  -4.0166505032493627e-01   2.0073813309915828e-01   5.6035373393013573e-02  -2.4547203332540471e-01   3.1299298080714383e-01
  -2.1884702930475750e-01  -2.7947189616578716e-01   7.7122411211506800e-02  -1.6206974914885164e-01  -7.7651772661834192e-02   2.0233867459343108e-01   1.1474089191541130e-01   3.0138873637632674e-01  -4.5029582231560859e-02   2.3492544017435377e-01   2.7833927144848364e-01   1.8855363275436792e-03   4.6644789544234283e-01   3.4060552917224340e-01   1.9320879917337955e-01   9.0779723199607865e-02  -1.4435572102841046e-01  -2.8571118896070230e-01   1.7340796700205161e-01  -2.1077360318330840e-01
  -2.4646756183691604e-01  -1.3986879314999884e-01  -3.1002714163503198e-01  -2.3621626104961385e-01   2.9674609305873734e-01   5.2382143066349002e-02   1.0854834255659539e-01   1.4409878982429394e-01   1.4131807352662540e-01   5.4157577658574700e-02  -2.5369145896668294e-01   4.4800975357358880e-01  -3.2809274556239959e-01  -1.3590686354262085e-01   3.0698840922130408e-02  -7.3238384344099544e-02  -1.3044731460636022e-01   3.8505110019671351e-01  -1.1634124325383159e-01   2.1263183261795304e-01
  -2.2889099512110769e-01   2.8508444274898670e-01   2.0702846992583113e-01  -1.0404230433278638e-01   4.8454610970158768e-01  -1.8772413674735186e-01  -2.1945111382125354e-01  -8.3857972954193533e-02   1.2128178628456020e-01  -2.8260939812475183e-01   9.4920157538451497e-02   6.2877785256979915e-02   2.2187581934448272e-01   7.7916447874141773e-02  -3.1982143607706054e-01   2.2743741871284751e-01  -3.0197734478579502e-01   2.3336747964620104e-02  -1.9762735103081419e-01  -1.9946999971545659e-01
  -2.4221539207891532e-01  -3.5848110002079586e-01   1.5664016568434150e-01   1.7578776092078421e-01  -1.9605488073309604e-01   1.9880606298698741e-01  -2.8375766956635701e-02  -1.7345905090043726e-01  -3.1696510450277687e-02   8.9774569014653430e-02   1.0677743657194164e-01  -2.0952119725525906e-01  -1.5261872654881656e-01  -1.7961726888137163e-03   2.7227729952589125e-01   2.6273721612912448e-01  -5.3685220215868268e-01   8.1605455027539756e-02  -3.4971628104810665e-01  -2.3098676969021507e-02
  -2.0846680789036301e-01   8.7488106933884313e-02  -7.3320103996785596e-02  -3.7416643352748208e-01  -2.3559031238201789e-01  -4.4404756890457181e-01   3.0835682174520285e-01  -3.1449644063789584e-01  -1.3166002674249322e-01   1.3027880052639870e-01   1.5111377161546041e-01   3.5573064455873493e-02  -1.4083008709591560e-01  -3.1077006567344795e-01  -1.5225826313915136e-01   1.4034872279556326e-01  -4.3916254356859440e-02  -3.3437327354943380e-01  -5.5910813760720331e-02   1.4926053835276712e-01
  -2.4036024237960135e-01   1.8602217762954407e-01   3.1023372780662450e-01   5.4040924307173444e-02  -7.4013875951724428e-02   1.5723615947326899e-01  -2.5168098582506576e-01  -5.1550689737170774e-01   8.9377191513845045e-02  -6.6732451429337536e-02   6.8842746401741498e-02  -2.5170275330638245e-02  -7.0799109481854347e-02  -9.0068389847043601e-02   8.0937970265279024e-05  -7.4423874021472602e-02   2.5872090490760824e-01   3.4489953936030177e-01   1.8974474598839011e-01   4.3679742172621072e-01
  -2.0523399952179969e-01  -4.0269400037934035e-02   1.4772336497246222e-01   1.9371812079222478e-01   5.5545866554999990e-01  -5.4536765614915036e-02   4.0159979303417769e-02   1.9357517722624681e-01  -2.8852154124658308e-01   2.9498343805941293e-03  -1.5248538110246462e-02  -1.7539389812418379e-01  -1.3346332674010769e-01  -5.8531911118724252e-02   3.2286821536782723e-01   1.1376302389776498e-01   1.9008588927430992e-01  -3.7016765753020847e-01   2.6977868741246816e-02   3.4606054163317934e-01
  -2.1546988624670946e-01   1.9573718668216558e-01  -1.7866242046758471e-01   3.7995762077662842e-01  -3.1882780896859246e-02   1.3514605982696631e-01  -2.1072287371544782e-01  -3.4276017492837943e-02   1.5121439178988849e-01   3.9432552222698408e-01   2.5884297688555902e-01   3.4059060791023382e-01  -1.4576920844941443e-01   2.1002956990590249e-01  -1.7734837784245275e-01  -2.3224224766167292e-01  -5.8911700451542447e-02  -3.8395138950281504e-01  -1.0043831308251892e-01   3.2008144145553315e-02
  -1.6604303804508716e-01  -2.4276436870986179e-01  -4.2346895030917632e-02   1.1961870938337783e-01  -9.4816999176079386e-02  -3.9423992728134116e-01   2.6731154816472803e-02   1.0671986854910188e-01   4.2345848518982876e-01   2.2406245275329750e-02   1.3575074946426882e-01  -1.4857551453587218e-02   2.2434151454225071e-01   1.6291961061365035e-01   1.1583005309217696e-01   1.3473467032988654e-01   4.7208056237391843e-01   1.3071934066367771e-01  -4.0995435003775738e-01   7.7161816868037761e-02
  -2.4283713226659986e-01   1.2743270033342122e-01  -4.3359092405212060e-02   6.1011216079870471e-02  -2.8674143848570737e-02  -3.4300693739406402e-01  -3.7330778616537517e-02   2.8373156766133012e-01   3.2073865830329923e-01   2.2336758129568091e-01  -3.6514544247075488e-02  -4.9637396031714232e-01  -1.3619988481130263e-01   2.4706696502185179e-02  -3.6709182870575688e-02  -1.5060931376947206e-01  -2.7310001013412788e-01   1.5727464234887337e-01   4.1849338798997987e-01   2.6105792384138061e-02
  -2.1145823318523524e-01  -2.1822806795699964e-01   1.1417008752095437e-01  -3.7040215971337437e-01  -6.7344788295947089e-02   1.9749378434123530e-01   1.1853924390428172e-02   9.9844149354623227e-02  -1.9042804471094341e-01   2.3104154853817854e-01  -1.8029101273824352e-01  -1.0680998005776193e-01   1.0616138012430661e-01   5.8747907168925861e-01  -3.7152416980389963e-01   1.4164530026706870e-01   7.3299193036349561e-02  -4.6241728310957346e-02   5.0547131096915714e-02   2.1368910572522437e-01
  -2.5642136141570659e-01   3.4440437548350250e-01   3.7231554185954668e-01   1.7175438035891829e-02  -1.7301954358114710e-01   2.4885918796176118e-01   3.8371475762604901e-01   3.5587167502565209e-01  -4.0918123008700347e-02  -6.1249165584504009e-02  -3.1011638879686249e-02  -1.0613767488085671e-01  -7.7524909918395418e-02  -1.6844056064211671e-01  -1.4186258740699662e-01  -2.7620565851540746e-01   1.1715717099739806e-01   6.9172568830614525e-02  -3.6794957884153229e-01  -9.2867738920192844e-02
  -1.9789739792132077e-01  -6.7484004260890545e-02  -9.6960830775736792e-02   2.9969327539073626e-01  -3.0091232458164152e-01   1.8819285562703004e-02   1.2475330319348950e-01   1.9143230437502973e-01   6.2897003735528673e-02  -4.9222656635205836e-01  -1.5552950215786118e-01   2.1627379865693183e-01   3.1574686583904998e-01  -5.3705450893281770e-02  -1.1400821545555373e-01   1.0031472129743069e-01  -2.2767781901287398e-01  -1.7533657855588397e-01   2.1128056996421024e-01   3.7932214985308266e-01
  -2.2171549026343501e-01  -1.7948685191031657e-01   2.7370235046048158e-01  -2.7497169134517219e-01  -6.3964227890389330e-02  -7.8512779898870771e-03   6.7604699252303543e-02   5.3862052365290923e-02   1.5446749673616886e-01  -3.2735014905324689e-01   3.1406958100689186e-01   2.5770812212530697e-01  -2.4364520109377644e-01   2.7238553048789366e-01   3.1449893201915008e-01  -1.6482277336200538e-01   3.7030427313534689e-02  -1.5611176483199141e-01   3.1541918851040740e-01  -2.7485238005168655e-01
  -2.3967350567836188e-01  -4.4053810097330237e-01   4.9676818062743239e-02  -1.5672848408320647e-01   2.0602737531498529e-02   8.6498878496417894e-02  -4.0632240168691919e-01   1.8093574787283650e-03   7.6365611143350193e-02   1.1993185424974970e-02  -1.9984535060080524e-01  -1.0263538597914482e-01   1.9400672130975374e-01  -4.5068786620548829e-01  -1.5031593702652568e-01  -3.5240652465333028e-01   9.2714234311469274e-02  -2.5851981073963598e-01  -2.8323875684818603e-02  -1.6799314876432495e-01
  -2.5354734394356043e-01  -2.8999132446162912e-01  -5.5544480905742079e-02   3.9990357629078255e-01   6.8809036242610574e-02  -1.7748849266767378e-01   1.6566794414621447e-01  -6.3668675362846247e-02  -4.5765525938972984e-01  -1.2623109501861750e-02   1.7445471166872836e-01   7.3526492026624160e-02  -6.0027608833097594e-02  -3.2975977995395020e-02  -3.3478326735119596e-01  -1.5292028713345222e-02   1.4820007619556327e-01   3.2095015837713098e-01   1.9705432178875928e-01  -3.0760192705054973e-01
  -1.9858882693039553e-01   1.0119188146952786e-01  -2.7915759193285028e-01  -1.1248266640370207e-01   9.3738753091065399e-02  -4.1590916096487719e-02   1.5965313132378581e-01  -2.1237823871269315e-01  -2.4537082843835215e-01  -7.3536015477023708e-03   9.2665265249212397e-02  -9.9018726253298620e-02   4.8691525989673046e-01   2.0311354197958048e-01   3.3116050078887960e-01  -5.1344822206147944e-01  -1.5986747050493244e-01   9.9917507368073519e-02  -9.9840194191438261e-02   5.3210697431432745e-02
  -2.1419179963792928e-01   2.3621283137372576e-01  -3.4180581561856233e-01  -1.3726517938423432e-02  -2.5159519344333486e-01  -1.2264672035155018e-01  -3.9793733558560218e-01   1.1260373330873343e-02  -2.6423131440980158e-01  -3.5162745881804158e-01  -2.8514705479353619e-01  -1.5528027878408818e-01  -3.4657349083772498e-01   1.8505098879191431e-01   9.7497176579064274e-02   3.9559636790246169e-02   1.5044789180628451e-01  -3.5352056080307941e-02  -1.8999102280079233e-01  -1.4210190963601785e-01
  -2.1866011032850610e-01   2.1872189954344640e-01   2.3226166589530486e-01  -7.4860337237434857e-03  -1.7928867512087276e-01  -1.2387129374589678e-01  -1.6689594269414443e-01   1.4251735193887941e-01  -1.8182305458858330e-01   3.8859891816307041e-01  -2.7002168601495113e-01   3.6411366324736533e-01   2.9694408139306122e-01  -1.0278361633723546e-01   3.4840882876645329e-01   2.5673547184863493e-01   1.5713229251502502e-02   8.9777634453906338e-02   1.6195117615080901e-01  -2.1108431364403463e-01
  -2.3080211484006888e-01   6.5264351991709088e-02  -1.6944338417915086e-01   1.3135459330724794e-01   1.4062464749151712e-01   2.5365494083427870e-01   3.9265384292209760e-01  -3.8772382471390476e-01   3.2642042389799508e-01   1.5104477819891883e-02  -4.0193316471888757e-01  -1.2952565815884359e-01   2.5449530492519811e-02   5.5241343879405665e-02   4.9700843310731095e-02   1.8269424399565398e-01   1.5729634287269351e-01  -1.7499339436763062e-01   1.4200778367944331e-01  -3.2817624310001808e-01
  -2.1203697648097219e-01   1.1822387863336060e-01  -3.9813561814571147e-01  -2.0511830514208382e-01  -9.9218578708084523e-03   4.1168093449822180e-01  -8.2288046076901947e-02   2.2545695758007372e-01   4.8378766619958146e-03   2.0077987606354586e-03   4.9963479136275096e-01  -1.4521977646356674e-01   1.5311127427499902e-01  -2.2840554201542820e-01   3.4994096126841956e-02   3.4414338787520116e-01   1.4704902007071818e-01   7.5566985545944765e-02   1.3341773350891137e-01  -4.6254906579455204e-02
