  -3.3187772598386522e-01  -3.2902212585163931e-01  -5.5389692324554707e-01   2.3394308300032897e-02   3.5885387729741458e-01  -3.1991633639670967e-02   5.2925420356614550e-01   1.2282617122828968e-01  -9.2113400219773364e-02   2.0192026086730197e-01
  -3.1126392665886404e-01  -1.6662429861135121e-03   2.7795477302254717e-01  -6.1519624844935672e-01   1.7059273119068658e-01  -7.3683885964277315e-02   2.7878376146136580e-01  -2.5940215790699384e-01   1.9487416458273318e-01  -4.7944729788994794e-01
  -3.7091395871045829e-01   1.4880758144741280e-01  -3.4301991189502170e-03   5.2605821244011919e-01   3.3222378929977914e-01  -4.8457921549160921e-01  -2.6530164999934314e-01  -2.1666685743096598e-01  -7.0791266305261641e-02  -3.0983797628141868e-01
  -2.7369754869749724e-01   1.6562415934865560e-01   3.8304112176867261e-01  -3.6075071644593074e-02   2.5830104783674056e-02  -3.6856306222789842e-01   7.5616306125470378e-02   5.3613537701360869e-01   3.7951549760903169e-01   4.1945139361087963e-01
  -3.5837385886877537e-01  -2.0926464388017288e-01   1.5959403350476059e-01   2.2118568405719047e-01  -7.4302544600176457e-01  -9.9722016833520846e-02   3.0568244815895873e-01   1.8132210020063474e-02  -2.7383526381431222e-01  -1.5031813540173755e-01
  -3.5270952427439278e-01  -6.4750367763445960e-01   3.0186769154412368e-01   6.5366668157645341e-03   1.5115409279370662e-01   3.3287169182042370e-01  -4.4323632560424686e-01  -5.7479704327058602e-02   1.0012185681886150e-02   1.7791690232873905e-01
  -2.5903807897499770e-01   3.8519202226989119e-01   1.2691876322377618e-01   1.7033794066106056e-01   1.9320248434206946e-01   6.0736346463234148e-01   7.6577797687337731e-02   4.4493758000943207e-01  -2.1670509163597726e-01  -2.8703781817605728e-01
  -2.9826857826737396e-01   2.8509653233458598e-01  -1.5752148816580366e-01   2.1985280203093799e-01  -1.8699327494526116e-01   3.5659564220235190e-01   8.3307458824160560e-02  -4.5406314106009277e-01   5.7484784069318617e-01   2.2564818423189612e-01
  -2.3542295418901907e-01  -1.6535867079345769e-02  -5.5322820128749861e-01  -2.6500313476432830e-01  -2.8545330907850747e-01  -5.9678738661659861e-02  -4.6670002236677838e-01   3.5469590403194307e-01   2.4000379968347565e-01  -2.8591857410339089e-01
  -3.4082218280689003e-01   3.8624802974269745e-01  -7.5032541079066012e-02  -3.8262888507509568e-01  -4.8688033999055150e-02  -5.0309516874112378e-02  -2.1343244596227848e-01  -2.2283159241740502e-01  -5.4258345813721243e-01   4.3371908484223415e-01
  -3.0327360172285039e-01   4.4262436813217021e-01  -2.3292851142673462e-01   1.6494048109291790e-01  -1.8814650977607217e-01   4.3560726325931387e-01  -4.3836579719848262e-01  -1.5675782224916462e-01  -3.2072489705765711e-01   2.9307489480918619e-01
  -2.7103806164869609e-01  -9.4276795235770275e-02   5.9053998041118307e-02  -4.4402196327936000e-01  -1.2177282269295298e-01   3.1587554880854601e-01   1.3018851774144560e-01   2.1891990845538531e-01   5.3171982684736885e-01   5.0477761741638016e-01
  -3.5693735318481939e-01   2.6802736414022860e-01  -1.5794487718245387e-01   4.3091246409402106e-01  -1.2236833977257551e-01  -1.6229190064155252e-01  -9.8103592909383752e-02   1.6213942348928717e-01   6.1576941922888540e-01  -3.6568670360364952e-01
  -2.2204171450901242e-01  -2.2377231436188305e-01  -2.5590216090693585e-01   1.8764722414881396e-01  -2.1163013275367240e-01   2.5855563032395845e-01   6.2462397111187240e-01  -5.3819656228487323e-01  -1.4901172313892121e-02  -9.0857111525322651e-02
  -3.9693495343865448e-01  -2.6946468680911195e-01  -2.5283929416019982e-02  -2.0786020230098329e-01  -3.4753041602624424e-01   1.1351620383188916e-01   2.4108545706911198e-02   5.1550602145840108e-01  -3.9161362015864487e-01  -4.1549254901705673e-01
  -3.5549761208021319e-01   1.9107228443128724e-01   5.2825502858535378e-01   3.3538571757823060e-01   4.5511390501808319e-01   1.2072223694584321e-01   3.5730197126394458e-01   2.1035975786074956e-01  -1.8878323151587342e-01   1.2774316112563935e-01
  -2.6327486485511059e-01   5.3554469817084054e-02   6.4898380017166046e-01  -1.8790425827569129e-01  -3.8853472335194034e-01  -2.6619223029306777e-01  -1.7981150311629954e-01  -4.5917123543209371e-01   2.1365878638008089e-02  -7.6719264497437933e-02
  -3.4502625942991105e-01  -5.4834341850636970e-01  -1.6506624754061960e-01   3.0486687602264195e-01   5.2001016846908076e-02  -4.4998060693205227e-01  -2.1383886979563968e-01  -2.7265406341268508e-03  -9.2644365479282287e-02   4.4786333901000447e-01
  -3.1898710374447087e-01   4.3252211785888972e-01  -3.4906217690472996e-01  -4.5814383764371164e-01   2.0774151949742639e-01  -4.9421506731577886e-01   2.5001931689280188e-01  -7.2442855950869731e-02  -1.5206575833073291e-01   3.3837451907559546e-02
  -2.8950170739227488e-01  -2.7118081496325447e-01  -4.3133966599170993e-02  -2.4678950500198071e-01   6.0438813217490905e-01   2.6875659062370172e-01  -3.4970292980237278e-01  -2.9234400250972176e-01   1.1769338755376864e-01  -3.4750556895094653e-01
  -3.2166662752986125e-01   4.6080004885904846e-01  -4.4518815121107551e-02   2.4649225224527138e-01  -4.4724086522331208e-01   1.6366569988176718e-01   3.8964403568597872e-01  -4.3683837453978941e-01  -1.2364753670474002e-01   1.9158218652962838e-01
  -3.0203922574470388e-01  -7.4845023314749570e-02   3.4199645122398858e-01  -2.2016147366054473e-01  -2.5038704389771560e-01   2.3117671905242138e-01   4.3114435129409795e-01   4.7205477345523211e-01   2.8423466979935036e-01  -3.6344329126848207e-01
  -3.6687538921026497e-01  -3.8573773712871395e-01   2.3386731089019863e-01   4.5627002052878229e-01   5.4023253524703427e-02   3.0044859298615095e-01  -1.7945108825407979e-01   2.4586800621194688e-01  -1.0399237376996591e-01   5.0702716288677441e-01
  -3.4706270429913000e-01   1.1751668758165025e-01  -3.8986862864923960e-01   4.6459944753983234e-01  -1.7412808080166209e-01  -1.9551407988514535e-01  -3.8831025725430229e-01   1.8520332502589956e-01   2.0061952787564133e-01  -4.5167183524507454e-01
  -2.5316397281301350e-01   8.4077497292918191e-02  -1.0022071992234553e-01   1.7600366902487014e-01   5.2779494210974487e-01  -5.3645673465826926e-01   5.2364754875973829e-01   1.6588584740973875e-01   1.9416069124163091e-02   1.3914851992211677e-01
  -3.4086688662951997e-01  -4.1903243835741988e-01  -8.2936528724158451e-02  -2.7042332270799224e-01  -2.3493408391175419e-01  -2.9117328896034561e-01   1.4074766530831204e-02  -8.0303873132484549e-02  -6.7026860548356937e-01  -1.7980994790384799e-01
  -2.5956432796308088e-01  -1.0387332234912455e-01  -6.0983482928112709e-01  -4.7504160731447215e-01  -1.0888587663210961e-01   8.1381502835492031e-02  -2.5321657696643969e-02   8.4784347918082675e-02   3.4206178128866765e-01   4.2539243942092864e-01
  -2.4398186407478592e-01   2.0651602997289262e-01   5.2442658200699566e-01  -2.3133707075724322e-01  -1.8448803332426014e-01  -5.2137955541062397e-01  -3.6676801686833199e-01  -8.6628971199806379e-02   2.5298445732941655e-01   2.3955569583248798e-01
  -3.6937221247948621e-01   5.0941366114067144e-01   3.5416554632683762e-02  -2.8790485873470850e-01   4.5643424931659266e-01   3.4158214624301664e-01  -2.6405405771304091e-01   1.1392700109904079e-01  -3.1901424821886359e-01  -1.0214580923458050e-01
  -3.2654855946735278e-01  -3.5193712210565403e-01   9.6261539474817442e-02  -2.3640540748070284e-02   3.4067157066347697e-01   1.5352552227414390e-01   3.8936514124757156e-03  -6.5570269559831751e-01   3.4705166000343757e-01  -2.6390887811824626e-01
  -3.8248497253353930e-01  -3.6828366332560009e-01  -1.3835422771133776e-01  -1.4787195465116060e-01   1.9791965960485147e-01  -1.3565907712361516e-01   5.9699468287629925e-02  -3.4491310016108098e-02  -6.8269427131589999e-01  -3.8556926729630131e-01
  -3.8077389003693224e-01   3.0331308399169730e-02   5.9090070062927713e-01   2.6897799196176336e-01   4.1451761509158269e-01  -2.9638676848760165e-01   3.3063180468224823e-01   6.4118156748673480e-02   2.4177564085225217e-01  -3.2007806476576660e-02
  -3.5594004137690327e-01   4.6377532326159304e-01  -3.8225175794221533e-01   5.8317424484239555e-01  -5.2594224892416934e-02   3.0232030235184820e-01   1.2157482404233200e-01   1.9313218615664657e-01  -1.0597283272604884e-01  -1.2056571663661786e-01
  -1.9721574824256580e-01   1.7626929233369275e-02   6.3075993050976761e-02  -7.9927925856877108e-02  -4.1167525437475982e-02   1.9251836618287210e-01   3.2748163645561235e-01  -2.5805577117808010e-01  -3.4682676714102351e-01   7.8583986260049010e-01
  -3.0535347214708469e-01   1.8543303641173157e-02   1.8086438037593404e-02  -5.6906418512408796e-01  -1.1228034260016444e-01   2.7872243515388989e-01   2.0938013198462976e-01   6.4421090295550110e-01   1.8187261394641777e-01  -5.9825457032107784e-03
  -3.0813982101819432e-01   3.5340645809018612e-01   6.5745890578204954e-03  -3.8485413564003718e-01   1.8987127738004650e-01   3.0061093911298753e-01  -1.1848345052646325e-01  -6.1896624905509268e-01   2.1907386298860645e-01  -2.4582280913585730e-01
  -2.8933070537282696e-01  -3.3666338322665840e-01  -5.5484858110484592e-01   6.9910789025085344e-03  -1.6463475985274767e-01  -3.5482433428293669e-01   2.7839518203870467e-01  -2.0211458994324474e-01   4.6583894470891529e-01   8.1698632642500657e-02
  -2.4173477823797779e-01   3.7353967992153836e-01  -1.7435792242368578e-01  -1.6705727106026733e-01   1.9495636582589082e-01  -5.2544774226370428e-01  -5.3444068926927579e-01   1.9005203103279009e-01  -7.1061402481543454e-02   3.2066169929277338e-01
  -2.1489863275068205e-01   2.1541479218932602e-01   3.2919279952059100e-01  -2.7094885509457250e-02  -8.0701859286073852e-01  -2.9460456792794976e-01   1.8360377194275499e-02  -1.2488999574813484e-01  -1.3119185376088022e-01  -1.6460934123584756e-01
  -4.0817747531322007e-01  -4.7279092467222933e-01   1.8602044386736674e-01   2.4221098108736613e-01  -1.3961540824324536e-01   3.2931746030500109e-01  -5.8630002922045654e-01   1.0577862681553956e-02   1.5367521189062835e-01   1.4550596972452931e-01
  -3.7009015293995534e-01  -5.9034933305116589e-02  -4.5536067440940364e-01   5.6468631981839414e-02   1.7246930490173892e-01   4.1389742385361200e-01  -2.3417469137705635e-01  -2.7939153641071729e-01   4.2179422589533577e-01  -3.7032631670728144e-01
  -3.4265015550986466e-01  -4.0411880173005049e-01  -7.1360343581911859e-02   1.9453746178278244e-01  -5.9179357867462212e-01  -9.7953273934932472e-02   9.4196420056989555e-02   4.3752479038323394e-01  -7.2548221166295390e-02  -3.3311125253192742e-01
  -2.4860913532733070e-01  -4.9628942606787368e-01   4.7497892748200787e-01  -6.7774113721905865e-02   4.7813018685517639e-01   1.8397435610104157e-01   1.5355315491016844e-01   2.7730233950003752e-01   2.6932971907730369e-01   1.6193608499649179e-01
  -2.6047001150323201e-01  -2.8864301451252955e-01  -4.5879140817543469e-02  -6.0817652901641606e-01  -3.7447844583299827e-01  -6.6730553334846399e-02  -3.6263470221017467e-02  -4.0132556047154422e-01   5.4220966594344881e-02   4.0847615126399606e-01
  -4.1599475891988724e-01   2.8358863732582973e-01   3.1156014392284565e-02  -5.9403738383109660e-02   1.8740893690844471e-01  -6.5394792568563476e-01   4.0394690562458957e-01  -1.3883093410980224e-01   2.2471221996586427e-01  -2.1520602266432190e-01
  -2.9665668272637774e-01  -1.8419151280853580e-01  -3.0706835868519444e-01  -1.0306842015081910e-01   4.3405092817918500e-01  -2.1201687419401427e-01  -3.0195675407358086e-01   9.9271448507460808e-02  -6.6223524862506478e-01   1.4650376375477843e-02
  -3.1189991988148064e-01   9.8476076535526272e-02   6.3948129168781687e-01   2.7172962674241674e-01  -1.2682447829065546e-01   6.8667103428296281e-02  -3.3426281314034556e-01  -4.3009304003006810e-01  -2.4757108038057288e-01  -1.7732704052475096e-01
  -3.2745715832155797e-01   1.1391784916889296e-01  -2.0220670737313914e-01   5.9913601773599334e-01  -5.5264977791748930e-02   3.4798154152043763e-03   4.1642340772727514e-02   5.3673985768976074e-04   7.4432724946295145e-02   6.8527518763354411e-01
  -3.0705008191796812e-01   3.7320463259784104e-01   9.9337130023924216e-03  -2.1751874440921617e-01  -3.7194347857530785e-02   5.5053204179474224e-01   5.2363200010290900e-01   9.2009606419951442e-02  -3.6291376818939386e-01  -1.3923924601817074e-02
  -2.3691072231176249e-01   4.7673823642714397e-01   1.2107953061240180e-01  -3.0037840017919448e-01  -8.4544152178599272e-02  -1.9562579043045994e-02  -5.1902646319039925e-01   5.1959475228495977e-01   2.3185943147007934e-01   1.0511968099494254e-01
