  -3.1086367580908619e-01  -1.0044717693932827e-01   4.2895036030550348e-03   5.9079911235312466e-01  -4.7225601921673016e-01   4.9361572060673209e-01  -7.2271549820914618e-02  -2.2484203399598546e-01   1.1196671981183642e-01   9.6001343126307190e-02
  -2.5430615700869558e-01   5.2454632969935067e-01  -2.5439097060583494e-02  -3.8877881049753377e-01  -4.3160316393574932e-01  -2.3682595400360676e-01   3.2033055148951044e-02  -3.4665540751275836e-01   3.8014722570725568e-01  -1.7538253997208309e-02
  -3.4987111918058261e-01   1.7131717296865820e-01   2.1540570989554422e-01  -2.2543256975788362e-01   3.5568572060806414e-01   3.1149630012945201e-01  -3.3765725310154920e-01   1.8949943447414977e-01   1.4016464482263644e-01   5.9825605062625942e-01
  -3.0510061885896606e-01  -5.6623531223880408e-01   2.1882027746510294e-01  -2.4198427926684274e-01  -2.5508403335127655e-01  -3.5707436909845791e-01  -7.4623817650084148e-02  -2.5058797097689178e-01  -3.7712724851657925e-01   2.7693772266163175e-01
  -3.4366980648967438e-01   5.6621926272435633e-02   5.4988246084032077e-01   3.8956629707094514e-01   8.3074036845846105e-02  -4.4638904648904854e-01   5.7251137070184588e-02   3.3669998828706987e-01   2.3569711922620148e-01  -2.1491909588501926e-01
  -2.6955613995633221e-01  -9.0268758968219676e-02   2.2574444389223591e-01  -2.4681297301582281e-01   2.6165255314728186e-01   3.2478332108426139e-01  -2.8146250484026075e-01  -3.0460755285094032e-01  -7.8851503601513911e-02  -6.7464295315450395e-01
  -3.8750836075865036e-01   3.9849436719344866e-01  -3.6384876658780811e-02  -1.5405877145042358e-02  -7.8567061502784197e-03   1.4200109486273119e-01   4.7473497435282963e-01   1.5614476326487478e-01  -6.4686199927385168e-01  -3.2670192990209387e-02
  -3.3634591710310818e-01   1.6093474808341467e-02  -6.1258711440418834e-01   7.2929350730187179e-02  -8.4441790937078973e-02  -2.3835714939410146e-01  -5.3658798840800270e-01   3.3940900111886418e-01  -1.1079872226705428e-01  -1.6335457832726491e-01
  -2.8130141422437815e-01  -4.3473135327994550e-01  -2.0113789031764881e-01  -3.3095809077494359e-01  -8.6928328694800688e-02   2.1987005910075430e-01   4.5582731422025885e-01   3.8028829844317041e-01   4.0122386424864220e-01  -1.1229763700368660e-01
  -3.0000787684643077e-01  -7.3395562143228427e-02  -3.6698496048352180e-01   2.5032654248109198e-01   5.5587834361015087e-01  -2.1367327123528929e-01   2.6569198677789457e-01  -4.9012266922850140e-01   1.6619978151241366e-01   1.1905963361510044e-01
  -3.6852623299340942e-01   2.9636487291375074e-01   5.7615202193581787e-02   2.1716942861779900e-01  -4.1721280232381008e-01   4.3257832228208920e-01  -9.3560750636755646e-02   5.1027086936179862e-02   4.4346802766875082e-01  -3.9580602432495193e-01
  -2.7817317314207107e-01  -3.6905956382073907e-01   2.1639089670002795e-01   2.9971170598546731e-01   4.9968256970812286e-01  -2.4175405723787785e-01   3.0423686020680424e-01  -1.2968144412257140e-01   2.6830140279977299e-01  -4.0033975040399322e-01
  -3.3210837345310062e-01  -1.4385424882779838e-01  -1.4354129263913817e-01   4.3920905198082401e-02   2.8098042332477691e-01   1.5918146501237004e-01  -5.2384769325129099e-01  -3.6618539207665241e-01   2.9906895204431505e-01   4.9420412028171307e-01
  -2.9538338482438464e-01  -3.6696319115011444e-01  -1.6949988767784592e-02   4.6681741591308867e-01  -2.7117292580302493e-01   4.0437273076031267e-02   2.1775427900796868e-01   4.6956066742468572e-01  -1.3030513083064210e-01   4.4702054551197867e-01
  -2.6945844098553168e-01   2.2807096676356550e-01  -1.2145023728400704e-01  -3.5205875269194425e-01   4.9648629191376259e-01   1.1493823485919259e-01  -4.5999674651290214e-02   6.8598390037548729e-01   6.3254502606132204e-02  -1.6727450034727039e-02
  -2.5324274983277217e-01   6.4515932388323061e-01   2.1407460778753967e-01   8.4860500321901622e-02  -2.4541812339335063e-02  -4.9774289691913942e-01   2.5461584702991730e-01  -1.1783323418134889e-01   1.3097945363958474e-01   3.4984068424200876e-01
  -2.4405750154575767e-01  -2.4929763242958203e-01   6.2480866752876429e-01  -5.8153834179505837e-01  -1.6079935066147882e-01   2.1724361912701437e-01   2.0313913063448150e-01  -1.0331699250535846e-01  -7.1127087958093571e-04   1.5723319605390587e-01
  -2.7817611323273428e-01  -2.2033429258271900e-01  -6.2817343563110362e-01  -4.1139937299499041e-01  -2.9899046501808807e-01  -3.0931610455114222e-01   2.4907072220507484e-01  -9.5582087876290509e-02   2.2199958866225511e-01  -6.8496802482758037e-02
  -4.6928024551674502e-01  -3.2619243976580732e-02   1.1475061524449523e-01  -1.4020618879301601e-02  -1.4154534337656119e-01  -3.5436262144174768e-01  -4.9883976594084029e-01   9.9617267222166413e-03  -5.3297379551676261e-01  -2.9451381655194203e-01
  -3.0878970346221529e-01   2.0149299669198528e-01  -2.6501042565045024e-01   6.6206133868702208e-02   2.0341656997158530e-01   4.4503276251997470e-01   3.9719635486170202e-01  -3.4875756991355605e-01  -5.2002563507763311e-01  -1.3409130249007311e-02
  -3.5275589484064768e-01   4.7817616101604965e-01  -1.3208151263755935e-01  -1.8514067685068833e-01  -1.0361775831939550e-01   6.4672916815407933e-01  -3.2281053393435205e-01   1.8932653170482630e-01   6.9117446129128873e-02  -1.4616629885029378e-01
  -4.1458980616280799e-01   1.3865751567296200e-01   7.0800062229963523e-01  -5.0609578343968648e-02   3.5903129747714202e-01  -8.1400970080430554e-02   3.0896671627992139e-01   1.3659809999548908e-01   1.7273869945902823e-01  -1.5992327503004641e-01
  -4.2211492895138908e-01  -3.0185115677839358e-01  -9.5266080809440865e-02   5.0410073358373020e-01   4.6194790602262566e-02  -9.6149130597846993e-02  -2.3535282314708902e-01   2.8020581356016883e-01  -4.6970789046546318e-01  -3.1874962663541812e-01
  -2.7063414775132549e-01   9.8605804053814149e-03   1.3569382725752741e-01  -8.3843328463881747e-02  -2.6629423277894104e-01  -3.0480041624993359e-01  -4.3135876329128864e-01  -6.5436797710868200e-01   1.8407895240057653e-01  -2.9874504771365734e-01
  -2.9755817168023280e-01   6.1483520969778360e-01  -2.1196664753161995e-01   2.0790803070293715e-01   6.8867088936755652e-02  -3.8330874606468307e-01   8.1929390621716475e-02  -1.1928102662813053e-01  -2.1230542769278382e-01   4.7707330332812309e-01
  -3.4262634486797194e-01  -3.2712790764102667e-01  -4.1993944435500213e-01   6.6326385770313467e-02   4.6284409642090368e-01   3.0879532618490413e-02  -6.2671524636315173e-02  -5.1629312237588272e-02   5.7558325114421582e-01   2.0439815425718952e-01
  -2.4466032999346438e-01  -1.5295304499523479e-01  -2.6928773101154585e-01  -7.2396546728873779e-01   2.0347238490230526e-01  -9.6210886269120499e-02   2.0768486430296618e-01  -1.0653368975577299e-01  -4.4590145810067955e-01  -1.2703040088842379e-01
  -1.5925278730515210e-01  -2.0866587604447884e-01   1.5495609922021780e-01   2.4060128215098958e-01  -1.0541309125811582e-02   5.5589405742045928e-01   2.6613283008676514e-01  -5.6705531634986472e-01  -2.6882246553594391e-01   2.7463335003411071e-01
  -2.1927871557775902e-01  -3.1566171791336128e-01   3.1513683535800380e-01  -2.6765815550074057e-01  -2.8498662230898003e-01  -5.4032743036804241e-02  -3.6195066886247301e-01   2.6312135180041279e-01  -5.5769695182737972e-02   6.2756203514380360e-01
  -3.3618113560202129e-01  -9.6420410144936616e-02  -1.9152977727963036e-01   2.7084042203348518e-02  -6.6754510818470347e-01  -6.2401127323750152e-02   5.5069363127996740e-01   1.4055647345295982e-01   2.4556057588283320e-01  -8.6244891463785070e-02
  -2.9642705791708346e-01   3.0779237137306037e-01   4.6770275426140769e-02  -4.5345717020935461e-01  -2.9527291425810509e-02   3.8182545761918268e-01   2.8937143688347006e-01   2.2728803561764044e-01  -5.6271953126268226e-01   1.0427128115158181e-01
  -3.0554609166987867e-01   2.4042499230721812e-01   6.7964339077557023e-01   2.6218202809060098e-01  -3.8158780034152950e-01  -5.1477045945895500e-02  -2.5100591387389232e-01  -7.4391453638532959e-02  -9.2796181368565336e-02  -3.0458911730593530e-01
  -2.8194708525642620e-01  -5.8205730902109964e-01   3.0018602502316255e-01   6.2343587920986572e-03  -1.4370450331193826e-01  -3.0830163650282144e-01   2.3042258864039364e-01   3.2375416253515082e-01  -1.5856892211703059e-02   4.6658435656816383e-01
  -3.6783174791534201e-01  -4.0423491015977542e-01  -4.1439228097468667e-02  -4.5544995205097150e-01   9.3568229114628698e-02   2.8884312117709792e-02   2.3234348756735093e-02   1.7505576457888655e-03   2.4307033282421869e-01  -6.5032812570690646e-01
  -3.6095417645790812e-01   3.6017810340116620e-02  -1.4666012895596967e-01   1.9970806108620204e-01   5.6726676118219088e-01  -1.9891882956892118e-01  -5.2703411670918177e-01   3.0253924499190360e-01  -2.7633235872183265e-01   2.7368295585012028e-03
  -2.7617778923826347e-01   2.7544735105792162e-01   2.0559358712569289e-01  -8.0294533011512736e-02   2.3700021096215021e-01   3.6735894562624088e-01  -5.9344786131076598e-02   1.1334395584046771e-01   6.9218891418856110e-01   3.3544419298613198e-01
  -3.4534330866029989e-01   1.9540293062037525e-01  -1.4826573830211498e-01  -3.5575789244746508e-01  -8.6109937243267820e-02  -4.5334597333347471e-01  -1.1964784432047364e-01  -6.1585940780388404e-01   4.5814191183245956e-03   2.9572349858212499e-01
  -2.9229962877793014e-01   1.0630109299358542e-01  -5.7289551040950870e-01   1.5123769719883939e-01  -6.2386352194320771e-01   3.3734405295420385e-02  -1.4844575325079343e-01   3.3881484999181288e-01   1.5808113780302649e-01  -3.7287087558319360e-03
  -2.8863576128292251e-01   2.8649576932785237e-01  -1.0890789922770566e-01   3.9804226171691154e-01   2.2063976282583939e-01  -2.8709752830053153e-01   6.9377851196294560e-01  -5.3909949835944174e-03   8.8256942259576907e-02  -2.0989790088851179e-01
  -3.3076345967830539e-01  -3.6950308015754779e-01  -1.3504703424622838e-01   4.0491847325049385e-01   2.9149499794804915e-02   5.4043349545941011e-01   2.5664423075862183e-02  -4.8938943144640562e-01  -1.6466930903927166e-01   1.0803527267527957e-01
  -2.9557752048567132e-01   1.7995486819270726e-01   3.4702591785495696e-01  -2.6128345229862227e-01   3.8660999939804963e-01   2.5179446032514829e-01  -4.0276250880952313e-01  -3.5035988775707844e-01   3.3773825938225138e-01   2.8222257440163684e-01
  -3.2928754963942775e-01   2.0742931035119605e-01   6.2789491616506843e-01  -1.0553145421685960e-01  -4.8830187343169723e-01  -9.3714945825066204e-02  -6.5279660237944376e-02   3.6643254148175930e-01   5.7393629559772692e-03  -2.3951092841877189e-01
  -3.0486442907279082e-01  -4.0158489451378709e-01  -1.3199587798238979e-01  -5.1632333198480063e-01  -2.4572642273706533e-01  -3.0121230133932103e-01  -1.4623160865534374e-01  -3.4799473518035301e-01  -4.0418243753204752e-01   6.9402955458955792e-02
  -3.4266756178960806e-01   3.2331172934098817e-01  -1.7300600209069500e-01   3.9157230239414642e-01   1.3912891169149089e-01  -2.4599067563388857e-01  -2.0508202458258187e-01  -3.6661319632752648e-01  -1.1579851696141157e-01  -5.7012900941798494e-01
  -3.3025698934098147e-01  -3.8961383790496040e-01  -3.3134094352932425e-01   1.6320919526117476e-02  -2.0176568253945895e-01  -9.7973443679504040e-03  -1.1670492175235503e-02   1.0169256757842512e-01   7.4144578760877888e-01  -1.6749140805704785e-01
  -2.8260676893207032e-01   1.4541561320713539e-01   1.2138435783196044e-01   4.6836628168571939e-02   2.1690259283478039e-01  -5.6737897983291219e-01   6.1268125199207413e-01  -6.1513249156021237e-02   1.4887656704279228e-01   3.3431693258261758e-01
  -2.2103341901508936e-01  -4.6627884105571515e-01   3.2197773886504150e-01   6.1473450504952465e-01  -1.3936126584100236e-01   2.8431894530811463e-01   1.1365068244928377e-01  -2.6817666920062744e-01  -1.6331131861161421e-01   2.0098626482869592e-01
  -3.4114645991343712e-01   4.0710873368506556e-01  -4.3652764941876249e-01   1.8196593234230166e-01  -3.2785680065215356e-01   1.3193180899847617e-01  -1.8507124546582124e-01   1.7879806740790874e-01  -1.3123988091113051e-01   5.3467137336637138e-01
  -3.2922668774138941e-01  -3.0011209924587950e-01  -2.2346118136278060e-02   6.8870429507575839e-02   5.5287234945969044e-01  -7.9217910878239317e-02  -2.2329307571308771e-01   6.0775732570073016e-01  -2.5508220871026471e-01  -7.8115877345748394e-03
  -3.6232182491586085e-01   1.1235226195202229e-01  -1.3682329046833638e-01  -2.8716219829048895e-01   1.0963601366388354e-01   5.9164445294288281e-01   5.4546901760668476e-01  -9.3739149593031687e-03  -1.6810613913985678e-01  -2.5878546293238908e-01
