  -2.8627999018868855e-01   1.0913738356671505e-01   6.4911540133439316e-01  -5.3560949615374720e-01  -6.2102698355073448e-02   2.7331834747339006e-02   1.9731094923447770e-01   1.9395753484180317e-01  -2.0808757050186383e-01  -2.7101497147845927e-01
  -3.6242716810898523e-01  -4.8712421464078270e-01   6.5639608326378676e-02   4.7836304464338779e-02  -8.9344853856292344e-02  -1.1581929631892808e-02  -5.8334599514765340e-01  -2.4181541693833827e-01   1.4795198509838561e-01  -4.4270305770124863e-01
  -2.6140415916194443e-01   1.1952931674117014e-01  -3.6447760648549976e-01  -3.1023723317900620e-01  -3.5340033807988308e-01   6.3735669269783146e-01   1.8175359424283460e-01  -1.3875065155788383e-01   3.2381010255650378e-01  -5.9240193270910600e-03
  -3.4466911255577742e-01   3.7559044019328258e-01  -2.1620650476540026e-01   3.3629034451823425e-01   3.8819691080365336e-02  -3.3454818518839624e-01   3.4390817012611968e-01   7.1189874250324928e-02   1.9013455370098684e-01  -5.5441603760316527e-01
  -2.6296956099381941e-01  -4.9513833945006358e-01  -2.2018158322905426e-01   2.7803725974487225e-02   5.8281312094370263e-01   2.6134441965003380e-01   3.6404698188103163e-01   1.3195927560944704e-01  -2.7754610530453072e-01  -3.8532095633511156e-02
  -2.7117204921345495e-01  -2.2638319089203598e-01   4.3345958737722334e-01   3.6811561281405858e-01  -1.7251147857908991e-01  -5.5210858367635410e-02   4.0752744915594047e-01  -4.0186706460190047e-01   2.3148564169598268e-01   3.7128188948328933e-01
  -3.4979923190160417e-01  -7.3163309092471943e-02   2.9918659170466259e-02   2.2593202896592787e-01  -1.9162013535504294e-01   3.0307723379632414e-02  -1.8679905435339436e-01   7.8935592695227919e-01   1.7467463353793336e-01   3.0695682365912835e-01
  -3.9158057883048425e-01   3.1815416287381959e-01  -8.8539871043943175e-02   2.4868541976630265e-01  -1.7360083730388573e-01   1.3465677897660164e-01  -2.0114356996064023e-01  -2.0611330888413676e-01  -7.2209872984162560e-01   1.5205632459220839e-01
  -3.0721971219142763e-01  -1.4555255766674755e-01  -3.6576292352180639e-01  -4.9073621743047546e-01  -1.0421157754439875e-01  -6.2163316375396160e-01   5.3465259112776338e-02  -9.9008219057474783e-02  -3.3004257902865423e-02   3.1430505005614334e-01
  -2.9461043643743506e-01   4.1384995129534419e-01   1.2596572787960419e-01  -1.0724696987727941e-01   6.4390609603403703e-01   6.4380483939657077e-02  -3.0438241990895643e-01  -1.5908345708967830e-01   3.3190528003937919e-01   2.6016611116272470e-01
  -3.6739030279885981e-01  -5.5017880985059597e-01  -1.5734095996670364e-01   4.2912380599131011e-01   1.0692535979790282e-01  -2.1103477828567757e-01  -2.6096473354008326e-01  -1.8381519431685775e-01   4.2952805647755676e-01   1.0521665609711230e-01
  -3.4841540197675269e-01  -1.7807884820989175e-01  -1.2783020690900665e-01  -4.1334732224527648e-01  -2.4722071941993626e-01  -5.1970557212771151e-01  -2.0018755365223695e-01  -1.1916931017866519e-01  -5.2351805653786088e-01  -1.1771084141571948e-02
  -2.5755179272997930e-01   2.5801426535184258e-01  -4.1245382281959930e-01   2.7635121182893513e-01   1.7309318413026670e-01   4.3886195226305780e-01  -1.1615486756263689e-01  -3.5375717127447531e-01  -4.3235809669266106e-01   2.6921531884328448e-01
  -3.2255734597936236e-01  -5.5574307575689185e-03   4.4753465104812923e-01  -5.1377229971526861e-01   2.8033878127202122e-01   3.6673369486381224e-01  -3.9502554674784729e-01  -1.0533693285031702e-01   1.8869022158922744e-01   1.2588942255786334e-01
  -3.8400357534159113e-01   2.8868535452146926e-01   6.1580402177098773e-02   8.3698895142959959e-02  -5.0490741993504440e-01  -5.8656281766122584e-04   6.6779243111076428e-02   4.0496654780207086e-01   1.8521037500753532e-01   5.4837238014709833e-01
  -3.1652687503342319e-01  -1.6873960850652503e-01  -5.5159920724677558e-01  -3.0956599220297887e-01  -3.2242104505238886e-02   3.4842211692307884e-01   1.9974479127443034e-01   3.5291577818352204e-01   1.6866628378440263e-01  -3.9485633419875654e-01
  -2.6186910492401000e-01   5.2872470473624400e-01  -1.0138317374847396e-01  -1.4120305986426376e-01   1.0276295436957446e-01  -3.2507063764029170e-01   3.1293265441163187e-01  -4.7512982661116809e-01   3.9684491240745423e-01  -1.5577445031373971e-01
  -2.9033487046424661e-01  -2.3723929146337946e-01   4.4274141198069916e-01   1.9039851380434228e-01  -4.1020771876380491e-01   2.9697483275637665e-01   3.9638622582368677e-01  -3.2154938661121579e-01  -1.5742094795517758e-01  -2.9221533653268761e-01
  -2.7221627230152617e-01  -1.4852785764600229e-01   1.7863408540598491e-01   3.3248859187359266e-02   6.0391015515166080e-01  -1.6833020487679839e-01   5.4515514954535527e-01   2.7283472491235861e-01  -2.3197059222220837e-01   2.2877137118167923e-01
  -3.1406278539582233e-01   3.5956062930531746e-01   2.0551244982411607e-01   3.8017468182691122e-01   1.3924321102401996e-01  -1.2115560376313431e-01  -3.5452044104921182e-01   3.5162770878608024e-01  -1.4166219103049829e-01  -5.3089570325361646e-01
  -2.5205354586885442e-01  -9.6168194557943759e-02  -4.0742502989192969e-01  -2.6309945160256454e-01   1.0268830567016619e-01   3.6948841608354371e-01  -6.0212813745326121e-01  -6.5839670856576687e-02  -8.5177658778809617e-02   4.1326655379619304e-01
  -3.3751817535918660e-01   2.5997384715985689e-01   1.2960922102886924e-01   3.8185838845846476e-01  -2.8570323178405382e-01   4.0735606594279400e-01   2.2711295111780336e-01   9.4006807053307467e-02   4.5735627602016826e-01   3.7245545293125748e-01
  -2.3073428347778946e-01  -7.8936506906909648e-02   8.1781521925787373e-02   2.6120716805125438e-01  -6.2906805188850434e-01  -1.6069802170687061e-01  -8.5410714977969052e-02  -2.5197332468846112e-01  -6.0289631642561814e-01   9.8961271722775621e-02
  -2.6547895583255687e-01  -6.4659305719137833e-02   7.5947282847098407e-01  -2.8009060561062732e-01  -3.9961580729608454e-02  -1.2494735813563750e-01  -4.1117770296371092e-01   2.6700735538890447e-01   1.1032501684723754e-01  -1.8707293465683908e-02
  -2.8642075610340512e-01   2.8305359835894855e-01  -1.8236043237319721e-01   5.1659094964574472e-02   1.0851074427476703e-01   1.0565758355269229e-01   1.0001345432466706e-01   7.3874375014578675e-01  -4.2722231112279679e-01  -2.0178650204989429e-01
  -3.7036890366149472e-01   1.9468865483958758e-01  -3.3074991675277143e-01  -5.5495422271192463e-01  -3.8008838200068962e-01  -3.5101868390009511e-01   1.7257990697050335e-01  -4.9262247328802487e-02   2.9299820058354864e-01  -1.4769452499563734e-01
  -4.0027875530805063e-01  -4.4571981919162279e-01  -1.3321935108516886e-01   3.1101587270186776e-01   2.0788687919224766e-02   1.7382120994753159e-01  -1.5888994803987119e-01  -9.5766512942448756e-02   2.1706614205348138e-01  -6.4377912288648231e-01
  -3.4036090509943290e-01  -6.1722309096006545e-01   1.3730329723384583e-02  -6.3797859507256846e-02   2.6376856528421233e-01  -2.0749665041812540e-01   4.5361821651852391e-01   1.0737006905046079e-01  -7.7485176967350702e-02   4.0373374237451937e-01
  -3.3932518389495242e-01   3.0255881212223151e-01   2.5672237579050922e-01  -2.4272785258523391e-01   3.4460371773778098e-01   3.3335719476917819e-01   2.7796506171118179e-01  -5.0809555003450269e-01  -2.8106344184377680e-01  -1.5553884630074630e-01
  -2.9734310708761102e-01   3.5150836592476681e-01  -8.5005705167006021e-02   4.0978313285010198e-01   4.0682394936184552e-01  -5.8080144262752698e-01  -2.4785626290353538e-01  -1.5816014573065296e-01   8.6193131077755294e-02   1.2715385695046857e-01
  -3.4053924657178331e-01  -4.9932732988631434e-01   2.8172112797369531e-01  -7.0823040314015970e-02   2.7697079735706343e-01  -1.6746402986006617e-01   1.0694561122569500e-01  -2.9391785022115707e-01   5.5295485246993492e-01   2.0489358943642530e-01
  -2.9742713414761662e-01   1.4205227686520358e-01  -7.7816431413453221e-02   3.8372777214683856e-01   6.4463199827369155e-01   3.6960538733592124e-01   1.9121086164612380e-01  -2.2592544103451817e-01  -2.8981772518231086e-01  -1.1957877111525317e-01
  -3.3478566622671696e-01   4.2377447761590570e-01  -1.5984951977976499e-02  -4.2841057532400506e-01  -2.0603533579903299e-01   5.6600006036554840e-01   1.6538536566889830e-01  -1.6507214835255388e-02   2.7330231736823596e-01   2.4375606277955805e-01
  -3.0200127757614137e-01  -1.0358595093478837e-01  -1.6867434796026179e-01   6.6140581221464601e-01  -5.0577897188474363e-01   2.0006862148172910e-01  -2.1907320445483527e-01  -5.8233861454870334e-02   2.6299626594128717e-01  -1.2556028786474119e-01
  -2.2823352240369260e-01   2.4196157689648151e-01  -9.6516311189913426e-02  -3.9654041706119643e-02  -1.5349181761337025e-01  -4.1283135674202609e-01   6.0993512216521684e-01  -5.5216077292477891e-02   1.2722354200013289e-01  -5.4150830828583640e-01
  -2.4792199498097098e-01  -2.2320190685133162e-01   1.9568214349077359e-01  -3.5597064154220476e-01   6.0395071696526435e-02   2.2624587464707280e-01  -4.1606314800675537e-01   1.3675047588928982e-01  -5.2921179700088611e-02  -6.8866853183177845e-01
  -2.9209136951940867e-01  -4.1648278724690169e-01  -3.2465270630964993e-02   3.3605150775372884e-02  -5.7232411065181558e-02   9.4558464796745387e-02   3.7108322559753082e-01   7.0873896362067001e-01  -2.3749020354463343e-01   1.7438260242598361e-01
  -3.6673938295798059e-01   1.6951020679451556e-01   6.4877478203154293e-01   6.3534859096842658e-02  -2.7102585685683872e-01  -2.0905876236535798e-01  -6.8253297473622868e-02  -1.8533898389564094e-01  -4.7363923364741867e-01   1.7697277258161562e-01
  -3.9085511431823805e-01   4.0713541359221728e-01  -1.7736178239746545e-01   4.2007539284843645e-02   2.9578817471698099e-01  -4.1855790716338370e-01  -4.1881189832262139e-01   3.9431313914497917e-01   1.8569219125354811e-01   1.4213368944586316e-01
  -3.2579930564011594e-01  -2.5271159047151354e-01  -6.2035831714136869e-01  -3.0253209063450626e-01  -1.3433288946213881e-01  -1.5971730895604969e-01  -1.1730975683244121e-01  -3.8080507428041876e-01  -3.6356792143966232e-01   1.3824216382295684e-01
  -2.8688461692762540e-01   1.5380468365380431e-01  -5.2468766533311351e-01  -2.3412271386513969e-01  -1.5159066538578212e-02  -6.6229770780836883e-01   3.0102565288466954e-01   9.3129436178579043e-03   1.2407521991111144e-01   1.3771295756082383e-01
  -2.8944638315976995e-01   4.1051613543630644e-01   3.1127308343691353e-02  -4.2839687967748280e-01   4.0621782724041855e-01   2.5893861468382179e-01  -2.5600861277860903e-01   2.3555724545428380e-01  -2.4770065149951800e-01   3.8569305176735308e-01
  -3.6673226345338861e-01   2.4895596212393838e-03  -3.3952021853528264e-01   3.7734194944568256e-01   3.4441954860460165e-02   3.3569753250861423e-01  -2.2498084121582365e-01   1.2018193215158052e-01   6.4723473819688038e-01   9.9941781972806121e-02
  -2.2804964000097133e-01  -1.8259250040898373e-01   1.5818671430845584e-02   2.9483492537275480e-01  -5.4107942929502661e-01   5.0940100135754215e-03   6.0748740050891266e-02   4.2095495378673320e-01  -3.9207183351318603e-01   4.4729048054974829e-01
  -3.4761642656278641e-01  -4.0692931403118032e-01   6.4885918647386756e-02  -3.0600345611154706e-01  -1.6719387249769813e-01  -2.5057779469021191e-01  -6.5996882014587621e-01   1.7211152524555452e-02  -3.0848675765850077e-02  -2.9693993576117206e-01
  -3.6656576612661879e-01   2.2542923767552364e-01   5.5364885085209226e-01   2.9477672192233506e-01   1.5539775566893078e-02  -2.9297216725776548e-01  -6.0336962212983070e-02  -4.9964509018910369e-01   9.0999391112831937e-02   2.7156951653943240e-01
  -1.9359387115550405e-01   2.9968156404848562e-01  -3.9776240037761812e-01  -3.1144292879973178e-04  -3.6724900409052608e-01   3.3219450401165485e-01  -5.8577642869321947e-02  -5.4141500529711095e-01  -3.5978307783108798e-01  -2.0800701495376756e-01
  -2.7519901574714983e-01  -7.4943962207063217e-02  -1.2671504386657545e-01   5.0754034933927816e-01   5.3553735387823420e-01  -1.2528506089336910e-01   4.3433373983043734e-02   1.3425336378301092e-01  -4.3496561622819047e-01  -3.6522990138491090e-01
  -2.9995480142274400e-01  -6.4573960183173429e-01  -1.2389838315686111e-02  -2.3762553933016239e-01   2.1649754667755330e-01   2.8443605987891502e-01   3.9681690535246200e-01  -3.1975621703251822e-01  -3.1000405483354903e-02   2.1905318754304992e-01
  -4.3477029274985129e-01   2.1368042546611291e-01   3.5078107885711451e-01  -1.9430248896609037e-01  -2.0991791425621886e-01   1.6130228972164284e-01   4.3307679571822932e-01   2.9906459396209134e-01   1.4759435142858054e-01  -4.8543944163224101e-01
