  -1.7883962623856456e-01   2.1366268392634249e-01  -3.3044006559862726e-02   1.2108235407877559e-01   1.3907128271178737e-01   2.1815326715932923e-01  -2.4816097355449167e-03  -2.3305144874586375e-02   2.9857685547573465e-01  -1.2528928697293376e-01   4.6843576439347573e-01   2.4636364758004273e-01  -1.2517947508157107e-01  -5.4594345312681281e-01  -2.7906494162184381e-01   5.3085773594221917e-02  -5.6839209906629155e-02  -2.3573843960928681e-01   1.2525623940386541e-02  -2.7901500393321892e-02
  -2.2418929422627959e-01   1.5501580107828039e-01  -3.3017935431525292e-01   2.9430927188734485e-01  -1.2110980302014036e-01  -5.8453611056128618e-02  -1.5279415714446512e-01  -1.0654330385763652e-01  -5.9798778836350217e-03  -9.7186815548802166e-02  -4.0497423661976178e-01  -3.4075450359434967e-01  -3.0444431022525603e-01  -2.6646243129331665e-01   1.2305252624683664e-01  -3.2260613534517674e-01  -3.0713415622742803e-02  -1.7659498015751282e-01  -2.5978878494453106e-01   7.1886349539031849e-02
  -1.9872685161733800e-01   3.9257121998512451e-01   1.4364612336256569e-01  -5.1871245796795210e-02   8.4067944851941440e-02   3.9720822168162480e-02   1.0074070603052138e-01   3.4754617466286458e-01  -5.1809546957198371e-01   2.5825670813123813e-02  -2.0982132075759059e-02  -7.8032558352317247e-02   9.4339338226405944e-02  -3.0919305303384786e-01   5.0344463305700117e-02   6.4555394219644223e-03   3.6582729078697979e-01   2.6457861404169375e-01  -1.4782887328463262e-02  -2.3820738075946135e-01
  -2.3393693161606580e-01   1.0760614335915064e-01  -3.4775250452995904e-01   2.3795394016952558e-02  -2.0293589567985018e-01  -4.3653631622351174e-01   2.0289566348637866e-01  -2.5945696639726840e-01  -4.8413393369732445e-02  -2.6403572824883548e-01   1.2781103871446373e-01   1.1956515107771243e-01  -2.0491755503680545e-01   7.3236902429670930e-02   1.9796863332744271e-02   1.1904174784949048e-01   5.3839335429511061e-02   2.5856511976305230e-01   4.8049050348207750e-01  -8.2044339362833479e-02
  -1.9613322654929338e-01   1.9422725924107495e-01  -1.1191074931382984e-01  -2.2711819976915235e-01  -3.6681575885860782e-02  -1.0934652007125034e-01   3.7372364382459966e-01   3.2841190792554111e-03   8.1696802315511421e-02   4.3372056658898095e-02   2.8161835408516250e-01  -3.6563515296613092e-01   4.3964812673935663e-02   2.8417115685303546e-01  -7.6452438692499813e-05   2.0202098739956365e-01   2.8779827417564607e-01  -3.8993925413400826e-01  -2.9425971317534388e-01   2.0049224664223511e-01
  -2.5226547681179606e-01  -4.5409585268088265e-01  -2.0668263122424579e-01  -1.6886269691009290e-02   5.5838307626107142e-02  -1.8820580325865283e-01  -2.4067400682030801e-01   1.1371114017890467e-01   3.9690100558749289e-02   2.8995192237370165e-01   2.7717353116008081e-01  -2.7553912966853372e-01   6.6996098423420761e-02  -2.2292003983798600e-01   2.5747435700943233e-01   2.9273822081318512e-01  -1.3873573098448602e-01   1.1357475520650914e-01  -1.1297403528719402e-01  -2.9713262264694784e-01
  -2.3142817691808229e-01  -1.7940100253416780e-01   5.0403178870646837e-03  -4.1039148798204533e-01   2.3029201561122015e-01   1.6748789204308636e-02  -2.2230563158256372e-02  -2.5515978947733525e-01  -1.5557773791752941e-01   3.6636932532879800e-02  -4.8652060667434185e-05   4.9485436200475774e-01  -2.4453773958346783e-01  -2.9249902937758157e-02   4.0560493349846805e-01  -2.0244187939262262e-01   1.8445927100652640e-01  -1.1204446873687908e-01  -1.9877714496346113e-01   6.4981787268030444e-02
  -2.2456490348057084e-01   1.0254660829159876e-01   3.3512767396302345e-01   3.8101363409579320e-01  -1.3468613227651732e-01  -2.0668890510765969e-01   1.5116929887288713e-01   2.7353813222239598e-01   3.5991447850200264e-01   3.9341651555855117e-01  -8.0356960620600493e-02   2.2912925011535260e-01  -1.1376956075344240e-01   1.8772941465662989e-02   3.1326107992056801e-01   3.4188187112262201e-02   8.4942184459509337e-02   4.9759987350714852e-02   7.7102591717688809e-02   2.2700478270344865e-01
  -2.0908898989328251e-01  -1.3496743094886150e-02  -1.2620368411015988e-02   1.2990011745916186e-01   4.8496817232544565e-01  -8.5766398109639874e-02  -4.0330224777904894e-01   5.6178532972854536e-02   2.9096937264727823e-01  -9.9248832122500727e-02  -4.6420286511315946e-02  -5.3679672340233922e-02  -2.3662273359103848e-02   3.4059368876851726e-01  -2.4099154277202042e-01  -1.1241544291707552e-01   4.5916139351337720e-01   8.6999318353555899e-02   6.6406768765248550e-02  -1.4516088428156737e-01
  -1.7044835223641025e-01   1.5549372528685115e-01   1.8869450090458839e-01  -6.1260752531706250e-02   1.4057704326924869e-01  -2.9718549262398536e-01   1.1719523143224339e-01  -4.7562247384145322e-02   2.7908287223924171e-02  -6.7932087722082438e-02  -3.0494940581579350e-01   1.9154671035355625e-01  -1.2682004973303637e-01   9.2344535836132807e-02  -2.8874989113405053e-01   3.3419901001015168e-01  -3.7202491158484469e-01   6.0995779659140728e-02  -4.4583398387924811e-01  -2.9612050518610433e-01
  -2.5612587165179007e-01   5.3629623922471240e-02  -2.8164064680239936e-01   2.7385978339908173e-02   2.4331443254654872e-01  -1.1811770908040045e-02   6.8788253461607732e-02  -1.3998256548248500e-01  -2.4774535681907070e-01   5.8939027412379208e-01  -7.5862555740605062e-02   8.0639426457826360e-02   2.2212021335289314e-01   2.6547428601628578e-02  -3.7164659996049454e-01  -1.3868413075919681e-01  -1.9836307679251311e-01   1.2443918989881945e-03   1.5363596891584033e-01   2.7643619942828324e-01
  -2.0157467568161655e-01   1.6360499601783449e-01   2.9488771792439365e-03  -4.8931913240092445e-01  -1.6347844887215912e-01  -1.6223224158257946e-01  -2.0066466816206341e-01   1.8102419040680010e-01   2.7971362014565243e-01  -6.9525720507743735e-02  -2.9891407217228466e-01   3.2659152084652775e-02   4.1452842653800198e-01  -1.4683811925502649e-01   5.7343830014310357e-02  -7.8613780990007293e-02  -9.6788543582808750e-02  -2.9749210722886382e-01   2.9050381094930861e-01  -9.1994929351258567e-02
  -2.2923304113341880e-01  -5.5108245882988460e-02   1.0466371594019055e-01  -1.3991032740626608e-01  -2.3893285353939453e-01  -1.5660787012104863e-01  -2.3025633850092384e-01   4.2269683989481760e-01  -1.5991631338443363e-01  -1.6606447034864910e-01   3.5313933171324463e-01   1.9221271197007877e-02  -1.7331736774245896e-01   2.0166738481165489e-01  -1.9828037197769136e-01  -3.8185646778114213e-01  -2.7626096126673727e-01   1.2481133738079742e-01  -1.3824992139038186e-01   2.3559232952451675e-01
  -2.3537371948955915e-01   5.2322837191421896e-02   3.0399283760781198e-01   3.7107340570028535e-01  -2.5666120019766030e-02   8.9078781318118038e-03  -2.3221077939089591e-01  -2.0689352226538280e-01  -3.9948495952099294e-01  -1.0649983184315903e-01   1.3167648890160416e-01   1.9471086501536245e-02   1.5113346263913482e-01   2.2806686471599527e-01   1.5909240519286980e-01   9.2798016001100117e-02  -1.4439002143140847e-01  -4.9028416463663388e-01   1.7306024772516237e-01  -1.6027070322414586e-01
  -2.4954946554770660e-01   2.5698351124068913e-01   1.2955662984083857e-01  -6.9629413994699754e-02  -1.8005626122983154e-01   2.4883412094800761e-01  -3.3091169597200260e-01  -4.0659971675676448e-01   1.1065603027185582e-01  -6.5168238126712269e-02   4.9828953532635237e-02  -7.6214418584410262e-02   2.3803579454159163e-01   1.4950275442705661e-02   1.0924186917327693e-01   2.2462476087231587e-01  -1.7995180676816720e-02   4.4690604687740848e-01  -1.7427666965280414e-01   3.2620203810123982e-01
  -2.5557696535287477e-01  -2.3083088996854184e-01   1.4795135355366301e-01   1.2005444405117455e-01  -2.0108647912646460e-01   8.2489698795867622e-02   3.8856922543275479e-01  -2.3908687573658466e-01   1.6645334887579624e-01  -3.3412300296776248e-02   6.7588953635324606e-02  -2.2134463329983360e-02   3.5369808331671221e-01   1.4241921904699664e-02  -8.9906603709151350e-02  -4.8929703177927952e-01   5.8062970605887283e-02   1.3906803729824979e-01  -1.5929828475941221e-01  -3.6733843022530394e-01
  -2.3963743133931473e-01   1.7483118381308168e-02  -3.0596453559537778e-01  -2.6831269519547601e-02  -3.2337000815818046e-01   6.0395923536911322e-01  -9.8789600065913585e-03   2.2046830213315163e-01   3.7145345240074623e-02   1.3296720864254030e-01  -1.2414125046132984e-01   1.7899369703928614e-01  -2.1282440860234961e-01   3.2090013423784813e-01  -3.4089822302008958e-02   1.7092010305866140e-01   5.9023442583482294e-03  -2.6535975322701189e-02   4.4034153572814580e-02  -2.8646198326038863e-01
  -2.3991549529174555e-01  -2.0602854649111233e-03   5.8730311650826816e-02  -4.0835855129486148e-02   4.9518646631769830e-01   2.7874039324907579e-01   3.2019416306756754e-01   1.4050273039682215e-01   8.8786532667766677e-02  -2.6864952971668188e-01  -5.6728027894280532e-02  -2.6681926756861218e-01  -5.2335156495769738e-02   8.5719190319704500e-02   2.8733085607853853e-01  -3.9317726536126398e-02  -4.0342318740562605e-01   1.2486425950960570e-01   2.3253243543951099e-01   1.0525105544691761e-01
  -1.9767125666278204e-01  -4.2225188015614296e-01  -1.6530168455398936e-01   2.1910489875410977e-01  -2.1504834974379047e-02   1.4945766268439756e-02   1.0806872697255414e-01   2.3076111521821507e-01  -1.2494329306983476e-01  -3.9509933791121765e-01  -2.1335391383492064e-01   2.3642400443296302e-01   3.1876957723631383e-01  -1.1776986893447677e-01  -1.0718707872857618e-01   2.6182617602249092e-01   1.7325221886166045e-01  -4.5923981602382723e-02  -1.2105875719107392e-01   3.5531051346437803e-01
  -2.2098860853058150e-01  -3.4683071734852527e-01   4.4634302075833837e-01  -2.0559090539406991e-01  -1.4274411338372131e-01   9.1231138492836331e-02   3.5749515248998533e-02  -1.5422072555710661e-01  -5.4869742961050273e-02   7.4056432687849269e-02  -1.8356623391616025e-01  -2.8722599407852512e-01  -3.7347525102264867e-01  -1.8499242413921468e-01  -3.3525783204263360e-01   1.2995783802975505e-01   1.5546395334421842e-01  -5.6425903722090873e-02   2.6420282823293972e-01   1.0383864346999565e-01
  -2.5542526257690046e-01  -7.0885518629762306e-02   1.3781540417129232e-01  -2.1454212190085067e-01   3.8387169966752915e-01  -1.9890311625817669e-01   1.2735651006273208e-01   1.6564222308989165e-01   1.1563439977024384e-01   1.3387058624834430e-01   8.3839210459753566e-02   2.8017679891753824e-03   8.3032867886480552e-02   1.0738504740849383e-01   1.1096899767161185e-01  -3.8912617716809506e-01   3.1547996714606408e-01  -4.1486626610572558e-01   2.4236158058518276e-01   2.8855715428530049e-01
  -2.1663650987037728e-01   1.4363684487601225e-01   3.8607359240542621e-01   3.9291650415774038e-01   4.9897491587134156e-03  -3.2856267706756814e-02   9.4111310861264438e-02  -4.6387352676637850e-01   2.0585498406469668e-01  -1.9184869481348762e-01   9.1034334180014442e-02   2.7322572837163539e-01  -1.7735384158383424e-02   2.1542485862597266e-01   4.7967839590295297e-02  -1.6041570443735434e-01  -2.1484213424776469e-01   2.0003383220490142e-01   2.5745259436178519e-01   1.2054076714322230e-01
  -2.3138890460767317e-01   2.0423846330269890e-02   2.3126209357334973e-01   9.6671798452335436e-02  -9.9728517925027335e-02   3.3957216789032518e-01  -5.0443333035629556e-01   1.7944627034789652e-02  -1.3075732507094251e-01  -4.2137583181765187e-01  -9.7788957660540229e-02  -3.0632550524211200e-01  -1.9181862346138698e-01  -3.7195611523751414e-02   1.6985662855146877e-01   7.9560848471822002e-02   2.8672975774566378e-01  -1.8723470559586744e-01   1.0372072651249800e-01   6.1183952277309071e-02
  -2.3264526358950355e-01  -7.1910908749280439e-02   7.5416882863207441e-02  -3.7528116640690851e-01  -2.6684111298526758e-01  -9.0511185446983486e-02   1.0315531460463989e-01   1.9800377456817592e-02   7.2402700782172341e-02  -4.1934733305409794e-01  -6.7540709099705035e-03   2.5949684962041214e-01  -3.3743849466274815e-03  -5.7090108740695304e-02  -6.0674744339654729e-01   1.3015784999317270e-01  -9.7035924284351576e-03  -1.3426516784567374e-01  -1.0170009015127701e-01   1.9609907886989786e-01
  -2.1472581876632835e-01  -2.1398681905352862e-01   2.6531916403951746e-02   2.8887291983681851e-01  -2.4198538229357941e-01  -2.2408920099035093e-01  -3.7963712223763276e-03   8.6371853309686483e-02  -1.3661583997689111e-01   2.5134064642140175e-01  -5.4708757996244961e-01   9.3551456021832888e-02   2.0401630200076210e-01   1.3164264385762189e-01   1.0134493491185959e-01   3.4610802126731727e-01  -1.2870271865562249e-01  -2.5596367159916472e-01   7.9982981911241674e-02   2.0079289281833632e-01
  -1.9307400518935972e-01  -5.7339216965929127e-02  -4.7089837042052683e-02  -1.7126076028448359e-02   3.4853910688780693e-01   3.0056259795741302e-01  -4.8257959329974187e-01   5.8813887901402219e-02   1.6300919303329481e-01   1.8136466770557666e-01  -1.4117513053634903e-01   2.8242120506422885e-01   3.6159942762268110e-02  -1.7767199909593638e-03  -2.0872624321342750e-01  -1.7998495935960668e-01  -4.2048833376688394e-01  -1.7692077461508599e-01  -1.5278091459944493e-01  -2.0219232438681400e-01
  -2.8011183779977938e-01  -2.1042554861106097e-01  -4.9030857734864070e-01   2.2449806480790985e-01   6.1580759157372232e-02  -1.1275021109002027e-01   1.2356526558228141e-01   1.3063849320679730e-01   6.9829996440873093e-02  -3.4413468805457065e-01   1.2156286818680148e-01   3.1773556920644946e-01  -1.0397165581494103e-01  -6.7027537026744410e-02   2.0183641913515368e-01   8.2938857893036164e-02   1.2658012156889059e-01  -8.3614299590963004e-02   1.8737378628247417e-01  -4.2135048939324854e-01
  -2.4751488030151050e-01  -2.3616196101770029e-01   1.2525209565829483e-02  -4.5151008049835212e-02  -1.7483825574764364e-01  -8.3769849878771938e-03   1.7679751299465241e-01  -7.3827686060905402e-03   5.6608602750548909e-01   8.2440770093504548e-02  -2.5652797157937340e-01  -4.8253263695986803e-01  -1.7095943231362312e-01  -2.7016904476294712e-01  -2.7603716678731953e-02  -1.7173232840638761e-01  -1.3361224101398353e-01   1.3549014233716911e-01   7.0302048594335476e-02  -1.3892141530835819e-01
  -2.6432754631253741e-01  -9.6760711566000010e-02   2.9209363624852481e-02  -3.5584227176710653e-01   1.0845088198690483e-01   2.4551039280698542e-01   4.0004812404563279e-02   2.4956569900266648e-01  -1.9057613048417307e-01   1.2081130811228787e-01  -1.4467594217213375e-01   1.9249691755951401e-01  -1.5718689992945237e-01   8.9019908752946755e-02   1.2034219756183437e-01   1.2152482222753069e-01  -4.2777264759899852e-03   6.0883750600215980e-01   3.1216283324820648e-01   1.3579533805225802e-01
  -2.1467019404276161e-01  -1.1176230278997679e-01   3.5345198595748667e-01   3.2422643717976850e-03   1.4345288742139173e-01   1.9441878639057020e-01   3.8029226706508001e-01   1.4526999823546172e-01  -1.4619086701244094e-01   5.3611697608105829e-02   3.8152224913166205e-01  -1.6010294071207842e-01  -1.5443233172691059e-01   1.4685016467183874e-02   1.1184735006826939e-01   3.6169471367144995e-01  -3.4685466151357774e-01  -2.5425323533745303e-01  -1.6559194742889008e-01  -1.3105148355836679e-01
  -2.4711872693457632e-01  -4.4249261490869396e-01  -1.1454299605843798e-01   2.4823578468877508e-01   2.8770781106357446e-01   4.5900369264722185e-02   4.0582702770533552e-02  -1.6801356739658307e-01  -2.1377712581904107e-01  -8.6128318036134632e-02   6.8496190087570338e-02  -2.6057395771609659e-01   3.3540743192151334e-01   1.0807255521684936e-01  -2.3249701953770990e-01  -7.2744402441150532e-02   1.7505000282837008e-01   2.9617891912974292e-01  -3.3489590061355134e-01   1.1781323330679595e-01
  -1.8627803985955513e-01   3.7947944573375592e-01  -2.3768985268183299e-01  -2.3058353104061270e-02  -1.7256257669197356e-01   3.5118893130575007e-01   3.1524486944377555e-01   1.4350042281982439e-01  -1.0406720182104869e-01  -2.2848618765095524e-01  -1.6305674606269768e-01  -3.3608347578732260e-02   3.4727572061567236e-01  -2.5343169278752513e-02   2.5278866329529293e-01  -3.2778006322817604e-01  -2.1381243616715970e-01  -5.7471341289595079e-02  -1.8977614912256560e-01   1.5104058030885739e-01
  -2.0014352525954610e-01   2.8308765648515000e-01  -2.7067181725728834e-01   9.0906533116402274e-02   8.7196115437091506e-02   5.8226331891794700e-02  -1.7053249624758654e-01  -5.2538512650708059e-03   3.7851132838930945e-01   1.6028981159269992e-01   3.3212212415774856e-01  -4.7840785627465569e-02   2.0345995418060170e-01  -2.5008930386373268e-01   1.3511637224798279e-02   4.5080675826039412e-01   4.2710324820763805e-02   5.9483056076810911e-02   5.2683634773285616e-02   4.0140869061343598e-01
  -1.7557997178333587e-01   1.0634228305992517e-01  -4.3116480240524203e-02  -1.9194523667545021e-02   8.6633409001036915e-03   2.9348134778587431e-01   2.4045412939272812e-01  -4.6454041604045160e-01  -5.3528254109302544e-02   3.1971832800276567e-01  -1.9947790379194055e-01   2.4395064095737357e-01  -2.9508837876344657e-01  -2.0035586214104889e-01   2.4413659702612949e-03   4.9475386178663656e-02   4.1795271602189671e-01  -1.2937320438448754e-01  -2.6208216476951296e-01  -4.0526545580208025e-02
  -2.2018371251734573e-01  -4.8958804138664408e-02   7.9036104603011983e-02  -2.1429925825689745e-02  -5.5927285797516491e-01   1.6989642003682345e-01  -1.2031672554948236e-01   8.8032284597847815e-02   5.3971417805432916e-02   3.5093715424007521e-01   3.6378513922143885e-01   4.8484736474003622e-02   2.7054303448414774e-01   2.9315526698972832e-01  -6.8535852922771118e-02  -1.3237118429649425e-01   2.2202376334331594e-01   1.1550217348925090e-02   4.5953870431360698e-02  -2.9135330389002284e-01
  -2.4377721401841579e-01   2.9132218491361728e-01   2.3947185723757938e-01   2.9568748964867331e-01  -1.9152670269276410e-02  -3.5867597078881552e-01  -8.1139918064183483e-02   4.5542143952129399e-01  -4.5441396243572477e-02   6.4831270508632244e-02   2.8097654935084859e-03   1.1447157105489783e-01  -2.1636370123122761e-01  -2.0291038799878314e-01  -3.4651960710598388e-02  -1.5076064699778416e-01   1.2766885093053562e-01   2.3071309153166197e-01  -4.0842094236556881e-01  -1.6969157096545198e-02
  -2.2267560941840825e-01   4.3019031177091671e-01   9.1468991043403988e-02  -7.5385065694917083e-02   2.0921623755432198e-01  -1.6118291743308405e-01   5.0018915635282081e-02  -1.2201819392462958e-01  -2.5174065761316416e-01   3.1876385825753126e-02  -1.5328865260944544e-01  -2.2578109327934587e-01   3.0552843612136515e-01  -1.6036668229942000e-01  -2.8127409124046104e-01   1.2626602038243331e-01   4.0545383743165367e-02   1.3137518318144800e-02   3.2714750922879959e-01  -4.4981259898508130e-01
  -2.1092881973932293e-01   2.8520282092576349e-01  -3.4973232131147325e-01  -8.7872191713980474e-02   3.1824177209985524e-02  -1.7576445405079899e-01  -4.0029375988614502e-02  -8.9469318399019435e-02   1.8328700437001220e-02   3.0214121161481082e-02  -2.8873727255705837e-02  -2.6975726347642681e-01  -3.8999962975834584e-01   6.6285306885734574e-01  -8.5141671950322559e-02   5.7786887184830577e-02  -8.5179334622190683e-02  -2.8044475659453939e-02  -1.3144888326280932e-01   1.9658963374385337e-02
  -1.8506714053825069e-01  -5.9623212826834880e-02   1.1172856651800710e-01  -4.6314447703332645e-01  -2.2774717010283614e-02  -3.5313710916738866e-01  -2.2105738209492992e-01  -3.1147130765736170e-01   4.4422238275986355e-02  -9.3704235013505513e-02   1.6972581306994309e-02   5.8061443113997642e-02   2.1097129811028131e-01  -4.2576723002853582e-02   5.0471704492405067e-01   8.8096806482621429e-02  -7.1668341017658482e-02   8.4259827156985267e-02  -3.3268284949442839e-01  -1.3399598604700916e-01
  -1.9547939856969779e-01  -9.6415169995804170e-02  -2.2809452797028681e-01  -3.3350586559229437e-03  -2.1457539755414953e-01  -1.7433181339908280e-01  -1.4908842259905955e-01  -2.1338032317230360e-01  -4.6939219829981355e-01   1.6582169564932051e-01   2.6537379596287575e-01  -7.5960302795521295e-02  -2.3005662430255533e-01  -3.5416731375085092e-01  -3.0246999917825399e-02  -2.8236259436120953e-01  -3.0320702627948098e-01  -6.7616997383980040e-02   1.8890929029182271e-01   2.0259457027482786e-01
  -2.5039158413285278e-01   1.2038080540487707e-01   9.7196018988681993e-02  -1.1454740905414133e-01   3.1280584554739538e-01  -1.7605434117215144e-01  -2.0081967125703781e-01  -1.6731326926788073e-01  -1.6705396696038316e-01  -9.8355416852078104e-02  -5.2487805319223750e-02   4.6202323450785826e-01  -1.0439892684894646e-01  -5.7939161172303011e-01  -1.4625650590361463e-02   1.1945999298651315e-01   3.6798699513136406e-02   2.7663910210746112e-01   2.8508353354193633e-02   9.7487175459638004e-02
  -1.8186756828434669e-01   1.7882269300046431e-03   3.0743373751304692e-01  -2.0880117894637895e-01  -2.7366720109892834e-01   2.4890005855112174e-01   2.4069627249387660e-01  -2.2699408567450821e-01   1.3892355860270791e-01  -1.9482915168115150e-01  -2.9082289456651120e-02   1.5364743599380187e-01   3.6159358451286833e-01   9.9422166594454200e-02  -1.1419119934111101e-01   2.8839392303525085e-01   1.5447460862931617e-01  -5.6370349836750662e-02   3.7542063553249544e-01   3.0978065344357747e-01
  -2.2017662428252729e-01  -3.0827401198102938e-01   3.2260935183039696e-01  -1.1956181946576624e-01   2.7511841760591588e-01  -1.7163232812123105e-01   2.0030661518974546e-02   3.1792358061590073e-02   3.2718205904488436e-02  -2.3875847824409657e-01  -1.9778927848951595e-02  -1.1704305388602672e-01  -4.5958484583145109e-01   3.6632000956836064e-01   3.0110501513632770e-01   3.0200827840338218e-01  -1.5631048123845762e-01  -1.7138899669766925e-02  -8.3850230734727575e-03   8.5513637437395276e-02
  -2.2286091257087581e-01  -4.0543474882558250e-01  -1.7667305677165260e-01  -1.5119673548486770e-01  -8.1987801643087221e-02  -9.8071346903551460e-02   1.3678224135620087e-01  -3.3911811780071865e-01  -1.2025145622064717e-03   1.3542377026461275e-01   1.3905198284633666e-01  -3.7675865295078881e-02  -3.8687157290884198e-02  -1.3366173523579897e-01  -4.7180212324464127e-01   2.6533139426789315e-01  -1.3238419225402998e-01  -2.5286169441859851e-01  -2.5570876633236134e-01  -2.8900465035433548e-01
  -2.8047935269735169e-01   3.5502090309225615e-01   2.3490962719418898e-01   2.5302489423084964e-02  -2.2776457834070987e-01  -1.8768222394004330e-01  -1.6437070151399799e-01   6.6335199141996051e-02  -1.8264261794288322e-01  -9.0374401437486318e-02  -2.1195542933234848e-01  -3.4847688250979930e-01   2.1952983510431365e-01   8.1893500955848325e-02  -3.9808509316534353e-02   2.8282728974102106e-01   1.5475296373908104e-01   2.3980413940243842e-01  -2.6146248189654281e-01  -3.5604664573594391e-01
  -2.4319080171307519e-01   1.6005971519559614e-01   5.8641795649735116e-02  -2.2362381246876759e-01  -1.9302800434145090e-02   6.1990756761213395e-01   4.6168400588266774e-02   1.0539341608441142e-02  -1.3637568449921966e-01   3.0692101853142717e-01  -1.9257510546104412e-01   1.1930500042757889e-03  -6.4063074205226639e-02  -1.4514578609679665e-01   3.4003526787748523e-01   2.2396845464665388e-02  -3.2808013433790534e-01  -1.8747311270942019e-01  -1.8594062584093740e-01  -7.9705653508960819e-02
  -2.1257482288167692e-01   3.3280077246575343e-04   2.3467378557131810e-01   9.1030678287511938e-03   1.8438637906595556e-01  -9.5184227364879925e-03   3.6345239057100198e-01  -1.2647991599092290e-01  -1.1400118787694843e-01   4.7481907573972346e-02  -2.0804016088324181e-01  -4.8302255593088617e-01  -1.8992648825936256e-01  -2.2142761818847567e-01  -2.1835382140079107e-01  -4.6818606488800474e-01   1.9695704669517805e-01  -1.1076363559430863e-02   1.4282910400244522e-01   1.1973877703080756e-01
  -2.5878138367852904e-01   1.0275750834745803e-01   1.2441850165738336e-01   2.1878352196822806e-01   2.6383639517394253e-01   2.2725867680300889e-02   1.5272200804824981e-02   4.9863264938344379e-02   2.9138628544561168e-01   3.9890687294813887e-01  -1.0402722916069471e-01   2.3929175634074706e-01   4.1082363268140111e-02   3.3467975252439880e-01  -2.9660505063442594e-01  -7.3243776774531061e-02  -2.4535968440740602e-01   2.5187348366271090e-01   2.7571391651391230e-01  -2.5974802970919042e-01
  -2.1249714536543038e-01   3.5018831373371084e-01   1.7007424623775222e-01   2.1285489803289212e-01  -1.4888195794442496e-01  -3.1250831649935723e-01   1.1901561244713366e-01  -8.4315664999411705e-02   2.1545448173652848e-01  -9.1620075602029422e-02   1.5043769239372828e-01   2.3164835586393381e-01  -9.5627150808741748e-02  -6.6934331378441778e-02   2.1347656336148990e-01  -1.7223509376073012e-01   2.3723255094906290e-02  -5.9506378068780796e-01   1.2688262082716385e-02  -2.0514768188368795e-01
  -2.0678487133421156e-01  -8.2148931684380880e-02  -6.3888590230093953e-02   4.0255618539835231e-01   2.4329912204017276e-01   5.8077008186136231e-02  -2.1515366738049480e-01  -2.2276405894603499e-01   3.1343830355851343e-01  -1.5640351451887774e-01  -1.4669823494057443e-01  -1.5241411824815831e-01   3.6311735914357002e-01  -1.9418881957694461e-02   3.8509731797438697e-02  -5.2887603658686520e-02  -1.6127628361968305e-01  -8.3166837167306218e-02  -3.7986437139798224e-01   3.8037459391515321e-01
  -2.0656376190469070e-01   3.0185121338124832e-01  -4.3810244111988567e-01  -1.9918968198474146e-01  -2.0272093729811075e-01  -2.5411543900651073e-01  -1.5641144318191999e-01   1.3466773001419396e-01   6.4801996746054538e-02   1.1705463518482398e-01  -2.8058961130123894e-01  -1.1481180956518679e-01  -2.4380161381590729e-01   7.1195888299241936e-02  -1.8805045527858091e-01   1.2362372138601142e-01  -1.6919253010776553e-01  -1.4422042112566508e-01   1.6945576175473898e-01   4.2805193864275937e-01
  -2.1937332099442416e-01   5.3294484055989716e-02  -3.6361306398131094e-01  -2.7724884487042523e-01   3.4112996061533540e-01   1.0088283942159212e-01   2.1490277270940991e-01   2.8329604349515464e-01  -7.3320412678682417e-02  -4.9244351084031524e-01  -1.3698311178062833e-01   1.7087083770959363e-01   2.0265679115395899e-01   1.9318375267459911e-01  -9.8839258195057553e-02  -1.7628271275399662e-01   9.3958289707762765e-02  -1.1193076483986455e-01  -7.9630328201061654e-02  -2.1023065305629557e-01
  -2.3007226614129236e-01   1.2946503413892849e-01  -1.9646430292212719e-01  -2.4532795160844340e-01  -1.5810532015418574e-01  -1.4998199235292592e-01   2.6240128325970158e-01  -2.1878568726403974e-01   1.5431577365653665e-01  -2.0926357578884999e-02   4.6330972904253365e-01  -1.0658737938842026e-01   7.2088187392343697e-02   5.0325996287008269e-02   2.6374538948411919e-01  -2.3287388897896641e-01  -2.3961000702227306e-01   4.6507443111267904e-01  -9.3440650014378568e-02   5.5500965698706752e-02
  -2.0328530765875621e-01   2.6833503212851603e-02  -2.4141479259494972e-01   2.0252393833608059e-01   1.3880809311942033e-01   7.1609220665493051e-02  -2.6670626037314399e-01  -3.8572760743626072e-01  -5.5241676815747864e-01   2.9870412046509316e-02   2.2313802064018262e-01  -9.9591131612077957e-02   8.3890612816054616e-02   2.5546410356583860e-01   1.3167113889777077e-01  -1.4920781034312165e-02   6.9351434551225763e-02  -1.3313053468129579e-01   3.6707115767345633e-01  -3.8011330606617544e-02
  -2.1110820450951046e-01   5.4112737075808590e-02   4.7611366402624457e-02   3.7802567776977308e-01  -7.8534620204204740e-04   4.2443631549411082e-02   3.4179023772035372e-01   4.6594555361265338e-01  -3.4129108538022557e-01   8.6380101739755577e-02   3.7956170450094961e-01   8.1524431544571285e-02   3.2521468943167899e-03  -2.9821646539856649e-02  -1.6347788890337919e-01   2.0252551690215820e-01  -4.5256591439445812e-02  -3.4687944423992997e-04  -1.6976858493926461e-01   3.1215599755089435e-01
  -2.1246653322446429e-01  -1.4353295972898242e-01  -1.1923545681925600e-01   3.0895852907074556e-01  -3.0445149932369181e-01   3.1782980922095710e-01  -1.7583304680530290e-01   1.5870966367068601e-01   1.7439838644737024e-01  -4.4027638609578079e-01   6.7845939241093486e-02  -1.2898251846561071e-01  -2.6113697585703588e-01  -2.6967235365917375e-01  -7.4675271841825611e-02  -2.0750801228955153e-02  -1.7439123305071966e-01   1.4175227641560390e-01   2.9369157122544309e-01  -2.1351856997504476e-01
  -2.2218686425664608e-01  -4.3053734093370316e-01  -4.6410863896746084e-02  -6.3654233595365248e-02  -2.2093285158915295e-02  -3.0671796248124594e-01  -1.5138327716688139e-02   3.5875832015815778e-01   1.0055837707067023e-02   2.3506165853895547e-01  -9.1925545276970971e-02  -1.1041895800689421e-01   4.2407208153988007e-01  -2.5409264015276811e-01   3.3691952420614296e-01  -8.6904332497693328e-03  -3.5360581613449259e-02  -8.2382522420628559e-02   2.9714625507863374e-01  -7.2406147069638674e-02
  -2.0205316411728544e-01  -1.5499284289607582e-01   3.2734133880824851e-01  -2.9211979385976183e-01  -1.8392371159338686e-01   3.3561412063887165e-02  -5.1186735228746783e-01   1.8833339329305676e-01  -9.0852758616709078e-02   7.2032484871185362e-03   2.4311225799951411e-01   1.0631481330726968e-01   2.8080695065951122e-02   1.4966396947972180e-01  -2.4151326620772248e-01  -4.4687907903802654e-01  -5.7985853534995952e-03  -9.1466228258801394e-02  -1.5127301521643324e-01   1.3791417659827532e-01
  -2.3026395188104812e-01   3.7749831423449391e-02  -1.6697151769588314e-01  -7.6539460696323364e-02   1.7408950097189446e-01   2.1494166838927689e-01  -1.4937094802473980e-01   1.0053572947282804e-01   3.8690960591964974e-01   2.4077328933247383e-01   2.7934737805212878e-01  -1.1719661968291177e-01  -1.4948625915248831e-01  -2.9456030210497034e-02   8.9233831029073910e-02   1.6572401592215064e-01   6.6532602339011848e-01  -5.3513984659990018e-03  -4.5970037838341631e-02  -2.6735305267530452e-03
  -2.2411630520766743e-01  -2.9786031728446682e-01  -1.5449869394078466e-01   2.2095645589107885e-01  -3.8546608430583290e-01  -1.5251018822440206e-02   1.3330019886819608e-01  -1.1452832301037792e-01  -1.1703239017145466e-01   9.1115424708361079e-02  -3.7444317929847448e-01   3.6706636355696015e-01  -1.7510497830733482e-01   1.9252777412687078e-01   1.7155024756762763e-01  -1.8420472601453228e-01   3.1558445455000000e-01   1.9027939300687999e-01  -2.0513198478715763e-01   5.2389242516617425e-02
  -2.1096641860862811e-01  -3.0420672305072843e-01  -1.7170556030254153e-01  -2.0506374593674417e-01  -1.9079850482051261e-01   6.2666974889435414e-02  -5.0442417124097250e-02  -7.2470597871017853e-02  -5.1004162238780171e-01  -2.0201014653090908e-02  -2.8268171582177137e-01  -2.7991745028920328e-01  -8.5078788184673890e-02  -1.4963188606858721e-01  -6.9894441537550367e-02   4.2240327822763335e-01  -9.1163473057232797e-02   2.5588555628714921e-01   1.3673561915017213e-01   1.3803585450327135e-01
  -1.8095188049038402e-01   1.1554781114614093e-01   1.9435687033709911e-01   3.7621054734710710e-02  -4.5708943260590662e-01  -1.5664238343470666e-01   6.8856905050664274e-02   4.3178490414092718e-01  -1.0091509304428870e-01   1.2765308117294183e-01   1.1625597068107398e-02   4.7792152048434561e-01   1.3020526905564195e-01  -2.7108750293336836e-01   2.2245368032629514e-01  -2.7726145859727415e-02   9.2376273690775751e-02   1.7562150205504259e-01   1.3353610382797371e-01   1.9271849222660195e-01
  -2.2213976867223326e-01  -2.1051937193236053e-01   3.4903066429182839e-01  -2.3464225415106540e-01   1.4107895005686227e-01  -1.6478192001593520e-01   3.3879817523859636e-02   9.7653754394668044e-02   4.0624171191628605e-01   2.7473860920107074e-01   1.7157220792211081e-01  -1.0091372591167996e-02  -1.2513525462910110e-03  -3.7652652851968421e-02  -3.3457359305198253e-01   1.9275041271967955e-01  -4.7250494249477232e-01   1.4551576836070346e-01   7.6531359329392798e-02   2.9306628023252609e-02
  -2.4447704141154436e-01  -2.0987875991598506e-01  -7.5826156274375386e-03  -2.3398651610867696e-01   3.4348821388412021e-01  -1.1066344101668273e-01  -2.0424558511852198e-02   4.0041768932622340e-01   1.7489859471929220e-01  -8.3600599848846935e-02  -4.8168241886990884e-02  -3.0263298396947386e-01  -1.6275768817667924e-01  -1.2242980198823568e-01   7.0456818055448567e-02  -2.2744378713532140e-01   5.3060219825683630e-01   4.2417226599643025e-02   3.7278734444510860e-02   1.8975141006958304e-01
  -2.0608719077935847e-01  -4.7084093263771866e-02  -3.2060241783708077e-01   2.4994886437879849e-01   8.5786514056511665e-02  -1.4681840552172620e-01   4.2237493368613827e-01   7.6020584033647448e-02  -1.7594481706778295e-01   7.5588969766002934e-02   1.9739181152960503e-01  -5.7311052968654463e-02  -2.9553044138218970e-01   1.2382702183011048e-01   1.1163858231997537e-01  -2.4565515321838249e-01  -3.5000753704726195e-01  -2.2925970844742549e-01   3.0199536924019088e-01   2.3725572773996095e-01
  -2.2647700129258158e-01  -1.7985510763131698e-01   3.5418124942302875e-01   2.3699219280666459e-01  -4.9314747023817988e-02   1.1911210654803106e-01   2.3444541560658319e-01   3.5281565308236833e-02  -9.0972561391704260e-02  -4.0593477761157781e-01  -2.8976700529263544e-01  -1.3684272852007864e-01   1.5785404183001464e-01  -2.5219909233761179e-01  -1.2409416939957595e-01  -3.8113598316176783e-01  -2.1033962213705254e-01  -3.0778327244824946e-02  -1.0600440688844359e-01  -2.8382810538850539e-01
  -2.3130048617686083e-01  -2.3753187316533725e-01   8.5508927251828362e-02   2.0264855454937766e-03  -2.8178762025295750e-01  -3.1786887391499336e-01  -2.7437259969803041e-01  -2.7075486102020108e-01  -7.6883488304292466e-02  -3.7574999250824914e-01   3.2940294740178910e-01   1.5655421607889403e-01  -1.6469005968483627e-01   2.9272959141490040e-01  -2.0711742645604883e-01  -1.6530590401987955e-01   1.1050241165963674e-01   4.5721949320056153e-02  -1.9481708251948399e-01   1.9576179897401977e-01
  -2.1649686413791216e-01   6.7847926530696337e-02  -2.2252205648634585e-01   1.6164299594712428e-01  -2.6419746930421834e-01  -2.8116179279152603e-01   1.3393547656931157e-01  -9.0928189124965877e-02   2.7850927275989586e-02   3.4261555308450831e-01   1.1324069195824071e-01  -2.3466410498303206e-01   2.0040889774188028e-01  -4.1476652650138442e-03  -3.3727293927220531e-01  -5.3707020478216759e-02   3.3580610912079339e-01   5.4897509021345270e-02   1.5321505083308820e-01  -4.6443278398876675e-01
  -1.9621153972804589e-01   4.9550448311989137e-01   1.0094163827901607e-01  -1.5326252007456864e-01   2.1333674167355918e-01  -3.6223642820613378e-01  -7.7164422207973482e-02  -1.4144768999012317e-01  -1.2698107300326483e-01   1.1732464794549993e-02  -3.6377898980814583e-01   1.4926654712979079e-01  -4.5801952270325336e-01   1.1254916951295954e-02   2.5056859449675731e-02  -7.3308152726464820e-02  -7.2986664341419788e-02   1.6863900625594655e-01  -1.4335335124087493e-02  -2.4258704784566060e-01
  -2.5300087140216421e-01  -2.7133744842216062e-01   8.6585782383473961e-02  -4.4631428756396526e-03   2.8210970539073699e-01  -1.5997169028432196e-02  -4.8259977027392551e-03   1.1831809827093356e-01  -2.7249924792450964e-01   4.2884657079779252e-02   2.9930638151366878e-01   1.5618975889863868e-01   8.6244338533670792e-02   1.9678564459108300e-01   4.5125002734814573e-01   2.2497769956858590e-01   1.0709054835802780e-02  -1.7303615402465618e-02  -1.5751059399796258e-01  -4.9526040991309694e-01
  -2.0226914727789974e-01  -5.6570095863268235e-02  -3.0783642318644017e-01   2.7626633435117831e-01  -2.3104167415025828e-01   2.1866812315242626e-01  -4.1289382835898301e-02   2.0173102113127589e-01   3.7996261820405480e-01   7.7305953633561367e-02  -2.1134400485165386e-01  -5.7940959188707654e-02  -2.2062082793573962e-01   2.5864815037273170e-01   1.4433694526315632e-01   1.1107462992805508e-02  -1.2806506967482562e-01   3.6185552478815114e-01  -3.9566947609193387e-01  -4.9090091941307021e-02
  -2.5701025868786664e-01   1.0415911069701878e-01  -1.4099129612179087e-01  -3.7161598264996509e-01  -2.6430977478891060e-01   3.8882845530701420e-02   1.6028646595100934e-01   1.3302952124376846e-01   1.4497586289394937e-01  -1.3597929763641398e-01  -1.3013369008687811e-01   7.4749348789922149e-02  -6.3079725790363556e-02   1.6621461581453875e-02  -8.1689849655564445e-02   2.4834172916959957e-01   6.0613437477440380e-03  -6.7724534090936261e-01  -2.2250392554393991e-01  -8.6722044797508918e-02
  -1.9174645566548382e-01   1.1494126792042809e-01  -1.8491273050309612e-01   3.9048311867791219e-01   3.1805222281644624e-01  -3.4354845694375896e-01  -1.6772683929273846e-01   1.1259605389108790e-01   7.6117618079646385e-02  -2.5370057094420218e-01  -2.3393629008994274e-01   7.6213851279300152e-02   4.4846839156134932e-01   7.7383110838697172e-02  -9.3636617435160469e-02   3.2801248772386726e-01  -4.5535886876940532e-02  -7.1957178876865868e-02   3.4201517906336354e-02   2.0192408468493531e-01
  -2.0003587138477538e-01   1.4584655015046361e-01   2.4653523316686349e-01   6.2870279289720152e-02   1.1839363297337097e-01   1.9921032333943559e-01  -5.0559089823025559e-02   7.8037537311801505e-02  -3.8209304300302038e-01   4.7488134145847660e-01  -9.8337885393093807e-02  -6.3130961267028496e-02   1.5017089553680849e-01   2.8500676014285714e-01  -2.3152897618481894e-01  -1.6537187267052747e-01   6.0661247079790009e-02  -1.4102598647821554e-01  -3.6425996607482813e-01   2.9237630519351937e-01
  -2.3650920066574604e-01   3.7364372525557388e-01  -1.4563126912255367e-01  -5.4299888751591190e-02   1.9704529404465468e-01   3.4739155155259693e-01   3.2403680471119478e-01  -3.8702858748356148e-02  -5.5751377063476347e-02  -2.6412192425454983e-01   4.0824289709071931e-01   1.1348375335161220e-01   1.3778856943164199e-02  -1.9829515815518267e-01  -2.5368464895224468e-01   1.4943311994713801e-01   9.4730905952249450e-02   3.1521723763776227e-01  -1.5019197525956929e-01   6.9220097097712707e-02
  -2.4598540103205052e-01  -2.9243386447186059e-01  -2.3653883449001251e-01  -6.5780569950326481e-02   1.8054687231668520e-01   3.3716029895911903e-01  -1.2008594428322297e-01  -2.4249632694369855e-01   9.5983183718277743e-02   1.3480189637450568e-01  -2.4094031601027616e-01   5.6850507422235907e-01   3.5710369449498125e-02  -1.0434034944853107e-02  -1.5965550903892839e-01  -2.0257176302804217e-01   1.0605980558402973e-01  -3.6514220339991688e-02   2.8728661600489186e-01  -5.0369852841465258e-02
  -2.3247926884383993e-01   2.5786526739049531e-01   2.3148560558297132e-01   1.9162627764221818e-01  -1.0894929467829725e-01   3.7572762965863321e-01  -4.3087511409984858e-01   1.8403754860175442e-01   2.6778618243075009e-02  -1.2771336648377030e-01   1.3995770818229292e-01  -1.9063807586990533e-01  -1.7220389226949037e-01   1.7355135069551672e-01  -2.9350729448670496e-02   1.0141604416218557e-01  -7.6275621457815371e-04  -1.3160637124980898e-01   4.9423693018058951e-01  -1.0543987057749685e-01
  -2.2094308429610204e-01  -2.5321631221236561e-02   3.6516420611927664e-01   2.4131681035730340e-01  -3.4637090215253831e-02   3.9273396745400306e-02   3.2210926620183833e-01  -5.0591295676346471e-01   2.3582443942230771e-01   9.7301429711029119e-02  -1.0206452243274387e-01  -6.8163611827260412e-02  -9.4590635372260340e-02  -9.3030917669511808e-03   3.0409830675056165e-01   2.8194698957153558e-01   2.8740944749293224e-01  -5.9766930599546832e-02   5.2394608036754151e-02   2.1552347821466883e-01
  -2.4128661162951548e-01   2.1609046439738061e-01  -8.3973074649687854e-02  -4.3980363254151444e-01  -9.6147411254648471e-02   2.2954138971491643e-02   4.1641039206720349e-03  -2.0359659093734792e-01   1.0057012078444014e-01  -7.4328452160965702e-02  -1.3780294056010943e-02  -2.0066209993820425e-01   4.8593624885360837e-01   2.5884179992206768e-01   3.5425597693021116e-01  -2.7686075912620711e-01  -1.7106717346287922e-01   1.5774731134799613e-01   1.4271122150773774e-01   8.6461672730699629e-02
  -2.3604293757877237e-01   5.9256140409845823e-02  -1.6541792401707053e-01   1.0925532782449736e-01   2.3049233968685159e-02  -1.3894722803748752e-02  -4.3778616584023478e-01  -2.1702737096883701e-01   4.2524136692167480e-02   1.9026694506178199e-01   2.0276516321258109e-01  -1.3121083206672243e-01  -5.0411837623645928e-03  -6.2704929585407942e-01   2.0346411952977247e-01  -1.1652849882855093e-01  -1.6403613414202231e-01  -1.7949083175524874e-01  -2.3441948443809357e-01   5.8144671966589102e-02
  -2.4701847782480049e-01  -1.3315759818817782e-01   6.4927486749472921e-02   1.0476046166296635e-01   6.6903691639957474e-01  -1.5573797878974563e-01  -1.3766617330275310e-01  -1.1205815192948548e-01  -2.1602881091529361e-01   4.2842866734897254e-02   7.5744107313581943e-02   1.9145881389900560e-01   3.2199068795607211e-01  -1.5258425496021849e-01   3.3678483956262502e-02  -1.2463242512865935e-02  -8.8939165378468008e-02  -2.5232500003155400e-01   2.4047856344480198e-01  -2.3266224024231308e-01
  -2.0348621085488461e-01  -2.8122367181387381e-01   3.3397889895190486e-01  -2.4856881131926237e-01  -3.1536434389281620e-01   6.6428622314406327e-02   2.6074998867271848e-01  -3.4855721019264102e-01  -8.5238027152439277e-02   8.3113058902293674e-02  -2.5700902540627241e-01  -1.3199635433210735e-01   3.2649998884622117e-01  -4.6906126188338206e-02   2.8012768615577632e-01   8.5264588955899154e-03  -3.5539159368397399e-01  -3.6326947097099091e-02  -1.1359947432485480e-02   8.9233144436305766e-03
  -2.4207516849672359e-01  -4.1561916339119986e-01   2.0277601920697084e-02  -2.3641012353747690e-01   2.5162236803638949e-01  -5.7270058008286898e-02   1.1085556438801406e-01   3.9401145789867420e-01  -1.4764836896475927e-01  -3.5704731415381713e-01   1.3129075663175696e-01   6.9672648043990024e-02  -1.1762066765783498e-01   7.5757187332008882e-02   1.4707490346099045e-01   1.4609930504999116e-02  -6.4765204167435197e-02   2.4178131734893960e-01  -2.8229701897218645e-01   3.5084864992116455e-01
  -2.1254472040017625e-01   2.8582233163606424e-01  -2.9383213634666688e-01  -1.1466433539888966e-01  -1.0631714299076696e-01  -2.7942234560437390e-01   3.8093485653416206e-02  -1.5773126794797443e-01  -3.2970503076742785e-01   1.0739200688621015e-01  -2.0923472011188365e-01   2.9221405299842934e-01   1.7930688997630798e-01   3.2371823854222453e-01   1.6008712221584034e-01   1.4744284219768355e-01   3.2810771598200861e-01   1.3811047824306722e-02   6.1339156803604723e-02   3.3557165369832986e-01
  -2.1693966905429127e-01  -3.3773078383821259e-01   2.5335806661911847e-01   1.9758427974628266e-02  -1.9038589565804565e-01  -2.9570968205335185e-01  -1.1299241150298873e-01  -1.8278680687085319e-01   1.7851598884875819e-01  -9.7754041412172796e-02  -2.0844549559479061e-02   1.9056656279576448e-01  -4.1677927717896768e-01  -5.8210265293234177e-02  -1.1325668168718278e-01   2.7325084905343472e-01   2.1795036663119985e-01   1.2643149723624250e-01   4.4121952238760892e-01  -5.9183680461428446e-02
  -2.1494681193019755e-01  -2.6153113269103351e-01   4.5094001872364613e-02   4.9842139856200995e-01  -1.6540898163949577e-01   9.1155811471317780e-02  -4.0087944789694724e-01   1.1116560765757712e-01   3.0942353174705391e-02  -9.6507378451735459e-02  -4.1874250116591410e-01  -1.2469178454667131e-02   2.0676892768661473e-01  -8.4507857171244680e-03  -3.6539183490660911e-02  -3.7667653334568105e-02   2.4355807966782095e-01  -8.8735302356201445e-02  -3.5719360188320970e-01  -8.8284378856439607e-03
  -2.1693930993215613e-01  -1.3021110656066934e-01  -1.3201201336550386e-01  -2.8923210673374250e-02  -2.3962577203746258e-01   1.8162003396911003e-01  -1.4153280227431247e-01  -2.0122600876635696e-01  -2.6391240926977633e-01   1.1618777256651837e-01   3.9963641472827621e-01   3.8939540113652957e-02   8.1139787173844069e-02  -2.6178878429196673e-01  -5.4081537469368279e-01  -1.4948695845039800e-01  -5.4337751493270081e-02  -6.6758047336887172e-02  -6.6749565809094630e-03   3.5357537467231737e-01
  -2.4143714346495890e-01   2.1001093195013718e-01  -5.5211133498197493e-02  -4.0378547947614796e-01   5.4960784582273837e-03  -1.0814758865162775e-01  -2.9823474666814409e-01   6.8537123567664296e-02   9.1842683567595659e-02  -8.1427611976777666e-03  -8.6059611390004467e-02  -2.3991484520137940e-01   2.2882933072936570e-01  -3.2542067651822720e-01  -2.7096722845789570e-02  -1.6252403300807144e-01   1.8606341544800911e-01   5.3036942493217321e-01   2.7179660869003325e-02  -2.2498560198154435e-01
  -1.9399807434331792e-01   2.9843896095089928e-01   3.2166912918446877e-01  -2.3150771933877717e-01  -1.1151745954869771e-01   1.0510867087168133e-01  -1.2452612723292851e-01   2.3436054467840450e-01  -8.3592152045193033e-02  -2.8086721728282030e-02   1.6266698728933833e-02   3.1993123149205399e-01   2.8187482848652780e-02   2.0769922840180155e-01  -3.2783446754893936e-01   3.9012071999951509e-01  -2.2224606251521284e-01  -8.6537273907289464e-02  -2.4164103727556979e-01  -3.0503090350099277e-01
  -1.7205840488849436e-01   3.2989325963501043e-01  -4.0714377914413284e-02   3.6883184738010455e-01   8.0015535761622750e-02   1.4462271112304775e-01   3.1565430109334530e-01  -1.1495210166708240e-01  -8.3031742026311070e-02  -3.2629569974084854e-01  -3.0863548382825295e-01   2.2225714630476551e-01  -1.3413928975526773e-01  -2.9311872034119729e-01  -1.1589699237965237e-01  -5.1807549500629678e-02  -2.8608670467258990e-01   3.3322058051701103e-01   8.3223675194029553e-02   7.6477782624512936e-02
  -2.1628947933252352e-01  -1.4548251495520653e-01  -5.0787567258943334e-01  -1.0188191508980012e-01  -4.6480945024600158e-02  -2.3706116704312577e-01   1.6639849446727559e-01  -2.9735113213214937e-01   3.2111516078534208e-01  -1.4197589200551222e-01   4.6518880269436021e-02   1.5616749226790716e-01  -7.8380192051097086e-02   1.1342117477299409e-01  -1.0963587464885065e-01  -1.6774914260287768e-01  -1.2207987409800093e-01  -1.1394453775661002e-01  -3.4678165326698968e-01  -3.6350387582091659e-01
  -2.4275153816278289e-01   3.3550862479208098e-02  -4.5638548697172064e-02   3.5531371627412883e-01   5.2597596836824301e-02  -9.6067286616183634e-02   1.6646035974904669e-01   2.0599156098480450e-02   3.2093355954457903e-01   9.4872944693398881e-02   2.9774849132964065e-01  -3.4023008726923465e-01   3.4449185376659436e-01   2.7980871463305079e-01  -1.0881167830519058e-01   3.8285898372597599e-01  -1.0929626671198905e-01   2.6805890800778021e-01   6.7058142186518011e-02   1.0672405484584667e-01
  -2.2318730758548075e-01   2.3075060701391002e-02  -6.7485805238307592e-02   8.0072158739013841e-02  -2.2600563750366218e-01   4.1075921312666699e-02   4.3185114946641834e-01   2.4714618712075379e-01  -3.4943278742135359e-01  -2.2929124202411508e-01   1.5599339717218089e-01  -2.7845697671115066e-01   9.9663336545680048e-03  -1.5333146462838401e-01   3.5205638847578262e-02   6.4692950700054000e-02   3.6465727387080293e-01  -2.4207967343678627e-01   1.0322921054017935e-01  -3.6128718416763339e-01
  -1.8032707710164134e-01   2.9581684779978346e-01  -4.0183651820451902e-02  -6.9891795220781788e-02  -1.7435655474565409e-02  -2.1365260613389753e-02  -1.9471731636991313e-01  -8.2061348477566062e-02   2.9291897130573735e-01  -2.1744405212588566e-01   1.3902709645709085e-01  -8.5367261635668407e-02  -7.7562529392069562e-02  -4.2492838409545802e-01   3.4679291935052736e-01   3.2235550451889272e-01  -4.2498212777005828e-02  -4.0022275860456280e-01  -1.3172352905501547e-01   2.7977153413392308e-01
  -2.7491539365621337e-01   9.5450280073813953e-02  -8.0229898401388611e-02   6.2136253172100586e-02  -9.9096574941466981e-02  -4.0880010494675717e-01  -9.1187826367250729e-02   3.8101538772591476e-01  -7.6098304844361198e-02   2.7427123863597086e-01  -2.1121712521457617e-01  -2.7151505297776035e-01  -2.6741491008916946e-01   3.6227908294736655e-02  -6.2926053281029848e-02  -2.2704603277221869e-01  -4.1703569841562393e-01  -2.0845094989508159e-01   1.5112507694315500e-01   8.1832202429654402e-02
  -2.4540424214364676e-01   6.8032595262760842e-02   6.4365324087281253e-02  -2.5535075884385838e-01   3.1949712676113373e-01   3.5715897334631702e-01   7.4855951149950445e-02  -1.5296729318357366e-01   1.8833056019136690e-01  -1.4132353938339290e-01  -3.1134994735934957e-01  -3.2710192505353097e-01  -1.3844719553131116e-01   2.9472864387162939e-01  -3.0529087870305838e-01  -8.9828860092143942e-02   1.9760131516656990e-01  -2.3858017348793351e-01   1.3577203760868639e-01   1.6148589835788693e-01
  -2.5322270493742527e-01   1.9967282095791747e-01   2.4019464251962694e-01   1.1238753336433085e-01  -1.8630572784613902e-01   1.2231242284044740e-01  -1.2964991242572596e-01   3.4278693930501015e-02   1.6684635165237688e-01  -2.2446361001580831e-01   3.4413727426571689e-01   2.0423764600194089e-01   7.1258489765602187e-02   3.1477848677294995e-01   2.7741910578841084e-01  -5.4535210646664334e-01   1.5262665846019539e-03  -2.2891010728467737e-02   2.0137107180413233e-01  -7.4188271573828058e-03
  -2.5937927165785424e-01  -3.9310527527041790e-02   4.4815348136545231e-02  -1.3639948553541408e-02   6.3399757859307890e-02   2.1892708748876291e-01   3.3885065517304586e-01   2.5486727501019441e-01   3.3564921611454945e-01   5.8938747976505668e-01  -2.9219285724104541e-02   3.3315316279094659e-01  -3.4687343784438739e-02  -2.3271229304221808e-01   7.1914195737859038e-02  -7.4636290210909173e-02   2.2765998326069078e-01  -1.1054975284489420e-02  -6.7878871325452714e-02   5.2104247958887302e-02
  -2.1264556598578407e-01  -1.1413490574365534e-01  -3.9318884436903428e-01   2.2416141180621633e-02  -1.3697763268834002e-02   5.2535442365297202e-01  -2.7610631020792992e-01  -3.9881104027568538e-02  -1.8347055124541031e-01   1.7413393482408837e-01   3.6733444133127374e-02  -4.4359763539479243e-02  -2.6995899308682741e-01   1.3344369864818331e-01   3.2951875114482387e-01   2.1571958413810449e-01  -1.7793999752264361e-01   1.5280636988630339e-01   1.5636321685000643e-01  -2.0019821359245021e-01
  -1.6577592045917983e-01   1.6976949792235760e-01   3.3852235614434156e-01   1.5989446389251938e-01   1.7690803615680264e-01  -1.2821842030904460e-01   1.1659170906071931e-02  -3.6575655153791847e-01  -2.4765187327836782e-01   2.4546300785442229e-01   1.7919629171634147e-01  -2.1912969522163703e-01  -3.8570822889593265e-01   5.0781003938784312e-02   1.0773803547214521e-01  -7.8377617457634649e-02   1.4217645764752632e-01   1.4227981138267909e-01  -4.5451436608124468e-01  -6.3474984712197535e-02
