  -1.9881546168958408e-01   7.3772683379549138e-04   4.1690330975540257e-01   2.6646421887221078e-01  -1.0708182801379265e-01  -1.5428909735660840e-01   3.8367129338659728e-01  -2.9380959957608987e-01  -1.5893593489794116e-02  -2.0725865558552839e-02   1.4406510072948023e-01   1.7631203596750414e-01   7.5879548313432812e-02   1.6736589358165296e-01   1.5273356115532385e-01   1.8938368742647024e-01  -4.1958588091572291e-01  -2.3784469350315013e-01  -8.6319782838151032e-02  -2.4759198907899635e-01
  -2.4142889251052047e-01  -1.6471773427853204e-01   2.2957230677593096e-01  -8.6468171443574798e-02   1.4503066496753146e-03   2.5804063881793249e-01  -4.9871803050881867e-02  -8.8916467231379234e-02   1.2458012480266818e-01   2.0313219375288245e-02  -3.3329266350960846e-01  -4.7801097334908382e-01   1.9424081151621431e-01  -3.7006747688609570e-01  -6.3718649273229330e-02  -2.5336023414407460e-01  -2.3395216032441382e-01  -1.0907738358379123e-02  -3.4109366668078300e-01  -8.8203450587889032e-02
  -2.4953589316208930e-01  -1.4240411962834290e-01  -8.6708616549025408e-04  -5.7188007229246524e-02  -3.2705861898805993e-01  -1.2066082641235776e-01   2.5904124372184023e-01   1.5547407664980613e-02   1.6316675701673980e-01   2.5807586925763121e-01  -4.1095038047589100e-01   1.5113989942040404e-01  -4.1117097498793381e-01  -8.7326884869490043e-03   6.5546949494063424e-03   7.0778402497265677e-02  -1.3204630722434014e-02   5.0519289106661380e-01   1.0381030243040300e-01   1.3098011529547366e-04
  -2.4240998933086388e-01   4.7120795161744644e-03  -2.5803125958800910e-01  -1.5315001315455976e-01  -4.0054123348195615e-02   4.2158343896058659e-01   1.9288406598604782e-01  -4.7544275979706001e-02  -5.1778605981679837e-01  -1.8517995783913421e-01  -8.3479560767714206e-02   1.7905493860233224e-01   3.3914979693749947e-01  -7.5023659131004200e-02   1.4726179664023240e-01   3.1553356111385789e-01   1.5907974859667547e-02   2.1790705393756302e-01  -3.5928389934101940e-02  -5.3815656362641599e-03
  -2.0135420842077775e-01  -8.3821493005250616e-02   1.9678584191694791e-02  -6.7889872404655660e-02  -9.7049739695027060e-02  -2.8796865806877481e-01  -3.7738669035796790e-01   2.3603409354890670e-01  -4.5975950401166837e-02  -1.0752821330543083e-01  -4.6061486053534252e-02   3.9905635741589957e-01   2.0117537649020304e-02   3.5761964395190839e-02   5.4103736747795048e-02  -2.1500313696436645e-02   1.6719539223150837e-01  -1.2709036696309611e-02  -6.1672098997644831e-01  -2.6149435969699397e-01
  -2.2568651614016391e-01  -1.0778438837773795e-01   1.9806088556462456e-01  -4.8586307639812448e-01   1.5910601075570543e-01   1.8993797059660744e-01   3.2375945976126995e-02   1.0503089032088074e-02  -2.2096877009268434e-02  -5.7313900425437242e-02   2.6183872709459244e-01  -3.2364407536094392e-01  -4.2525521148184603e-01   3.2891748524375625e-01   2.4450503003483066e-02   2.3859820156971984e-01   1.9138359605317620e-01  -7.2605701330608410e-02  -7.4737194335783352e-02  -1.6878593568906311e-01
  -2.0197473822371395e-01   2.0342091106533688e-01  -7.5435090761106327e-02  -4.7122041641543783e-01  -2.7979402525444182e-02  -3.4146195553346609e-01   4.8670654637473637e-02   9.5095118376120483e-04  -2.8430427978130024e-01   5.3246177148039670e-02  -1.8405537638402852e-01   8.5189318934168271e-02  -1.2240338955581198e-01  -2.9926660657594517e-01   8.1690758585083290e-02  -1.7505948860187534e-01  -1.1342836551035816e-01  -4.6967435384288614e-01   2.6396685856403612e-01   2.3231044942147984e-02
  -2.1077046302269095e-01  -1.7164149777168405e-01  -1.7898975892850773e-02  -5.5739413133302530e-02   2.8718907544410738e-01  -2.4564579622265401e-01  -2.9276484021980609e-01   1.0652312207838288e-01  -2.0998700258588426e-01   3.0529649097170392e-01   1.1855557121619408e-01  -1.3490089658548615e-01   2.1992392368072086e-01   3.1787486573688384e-01   2.3801857917891395e-01  -1.5535230212451528e-01  -3.8191995031608861e-01   3.2380814929942198e-01   1.6193775598133170e-01   7.8225264868465733e-02
  -2.1552197261990344e-01  -2.6068055176075999e-01   2.1924616325450658e-01   1.1630343553541125e-01  -1.4599899288835796e-01   1.5167253455650093e-02  -3.3081470340163033e-01   8.2097679848764801e-02   1.6960949153898139e-01  -5.5590912301497963e-01  -1.5851633042088406e-01   2.8607580691939940e-03   6.1505157161220431e-02  -3.8439726647767330e-03   2.3597625378806442e-01   6.9956446351146326e-02   9.2702829855416502e-02  -5.3449624279533592e-02   4.9743864046510655e-01  -8.1383439026140696e-03
  -1.9656250806554884e-01   4.6074672844214504e-01  -1.5213498280307911e-01   3.8173265587061210e-02  -1.6911081761620109e-01   5.3957347506375028e-02   2.0777206813807286e-01  -1.6716763279512884e-02   1.4288043104501935e-01  -1.5044181106653054e-01   7.9014642630009124e-02  -1.3829896674399028e-01   7.4142641018563438e-02   2.4910644555132605e-01   3.7794490967069772e-01  -5.3488724152771561e-01   2.0840832498177367e-01   1.1633322364991178e-01  -2.7127180754652785e-02  -1.6400048732363295e-01
  -2.2624850946882624e-01  -2.9392667459331157e-01  -8.5182486345966382e-02  -3.0342900201688481e-02   3.1177849304359839e-01  -2.9501736941246592e-01   2.4633411298737387e-01  -2.6236863114732234e-01   1.7399330038154759e-01  -1.1166566920614629e-01   4.0756358963966577e-01   6.2459374159668977e-02   7.4808508125368114e-02  -4.3955726619435970e-01   5.2817634718137309e-02  -7.9840818577264300e-02   2.7168935076519241e-01   2.0130689577223934e-01  -8.6715915108635036e-03   7.3109726850287424e-02
  -2.0844469208617447e-01   1.8364502123728402e-01  -3.1069509876459289e-01   4.4923155469343445e-02  -4.3105281022173238e-02  -3.5767975235283556e-01   4.2776935938685394e-03  -5.9923987350048225e-02   5.9111926989776405e-03  -3.2538101435055516e-01  -4.0270577431557396e-02  -2.9693542849447119e-01   1.0511326391349253e-01   1.4715519891730772e-01  -5.9665791475307495e-01   1.6909362234408137e-01  -1.3218617290483478e-01   1.1894850338268147e-01   4.7973529258650227e-02  -2.0965078715855623e-01
  -2.6280238544161177e-01   5.3168119621864678e-02  -3.5333660097214636e-01   1.3027338406194441e-01  -1.1259615202245479e-01   2.5303783749379360e-01  -4.2564165479147975e-01  -4.0740447685613818e-01   1.8500499268695519e-01   3.6044464082905880e-01   1.5741874919370188e-01   8.5972047003041507e-02  -9.7519446150544795e-02  -1.1121191093898228e-01   2.4791872517781591e-02   1.0760647597090649e-01  -1.7633620902546086e-02  -1.4947761315297287e-01   1.3870183438855380e-01  -3.0025192435155185e-01
  -1.9730224134239258e-01  -9.9308425515684792e-02  -1.4546289445335944e-01  -1.5215659251594971e-01  -3.8036208518797165e-01   5.8857218833562652e-02   1.6084417603418136e-01   5.2238819242537404e-01   3.5738610023228584e-01   1.6943579190743396e-01   3.3617086673627888e-01  -3.1139522842304420e-02   2.8721204815424572e-01  -3.4253147405289119e-02  -4.0817851970809206e-02   1.4456647987030030e-01  -1.2639873141750785e-01  -1.8567480989119936e-01   1.4101987884915554e-02   1.8084452514630789e-01
  -2.1304348114848873e-01   3.7150486749262610e-03   2.6094636428303769e-01   1.3055636907605586e-01  -4.5466968264165863e-01  -8.4727616994807520e-02  -1.5560589870979255e-01  -2.6095033500391385e-01  -3.5391784925402542e-01   1.2878161165522845e-01   1.7170494586054960e-01  -1.4626618229322660e-01   3.9265102343667257e-02   7.6928145437476905e-02  -1.9408183815793634e-01  -8.8928137480202840e-02   3.0630389013373055e-01  -1.5744317430278175e-02  -5.7807001639131911e-02   4.6912998314858773e-01
  -2.5161059147264009e-01  -3.6978816745805088e-01  -3.2644435335944910e-01   2.3487309733399483e-01   2.5130807579348974e-01   4.0269857764199321e-02   2.1070306199819488e-01  -2.5267711856921685e-02   3.7494067730359203e-02   5.6441724904919638e-02  -3.3329949014762900e-01   2.8722592348008679e-02  -5.0600688058554805e-03   3.7204201259431718e-01  -4.5262481348671689e-02  -1.1681688440581621e-01   1.7238867261940677e-01  -4.1690167250599153e-01  -8.5065606442301447e-02   2.1680433203256255e-01
  -1.7691769226382620e-01  -6.9766450110710601e-02  -1.0437888604585976e-01   4.2691387111807239e-01   1.3862323288413100e-02   1.6118613105955165e-01   3.4114868224952757e-02   3.7307721651216935e-01  -3.3840504343904532e-01  -1.4187001355133405e-01   2.6218792527697965e-01  -4.6518563901222179e-02  -4.8839993006293392e-01  -2.3530963736055599e-01  -6.8722487574850930e-02  -2.1877339298223603e-01  -2.2212956432452707e-01  -6.3782039219929254e-03  -4.3024418659806454e-03  -5.2123036921828000e-02
  -2.2965931662800415e-01   2.0135243822331064e-01   1.4261691456469822e-01  -2.0489930746882462e-01   1.9437495889827161e-01   2.8749132137139655e-01  -9.1074677341651672e-02  -1.0971146636445815e-01   2.2783268146610805e-01  -1.9162432201186816e-01   7.1167981237313688e-02   4.6348324153265097e-01  -6.7280325790406839e-02   1.2075632293987397e-01  -3.4561663432831258e-01  -2.4434220764255293e-01  -2.7111201007739899e-01   8.7733255791545964e-02  -1.8486086240549308e-03   3.4007678580453826e-01
  -2.5751836688958740e-01   4.8543788331318777e-01   2.9273182581772559e-02   2.2663553398661171e-01   2.7599509470387074e-01  -1.0254033733175430e-01  -9.8241308900288135e-02   1.0367038333116063e-01   1.5154198892503207e-01   1.6814546307087907e-02  -1.2987939933054640e-01  -1.5671920548695992e-01  -1.1346676538974314e-01  -1.4634005772977088e-01   2.6844133028643125e-01   4.4147781275485787e-01   1.5166055998711904e-02  -4.8942952017723539e-03  -1.6842288149350995e-01   3.7970517988343683e-01
  -2.4017920756651726e-01   1.7948680735303732e-01   3.6540812690409652e-01   1.5201552437651128e-01   2.6759538664439092e-01   8.8469052681025423e-02   7.9916828425986616e-02   2.9508866668147482e-01  -6.6925775793466286e-02   3.1911770740446804e-01  -7.4565204484501546e-02   1.1287533606136385e-01   2.2891852400509333e-01  -5.5557313574589949e-02  -2.9746098525993703e-01  -2.7088885425058787e-02   3.7317409936359902e-01   5.4703079713344857e-03   2.7081913247444828e-01  -3.1402796405782041e-01
  -2.3291082025751453e-01   1.0033431101624921e-01  -6.6277226522640315e-02  -5.3925268340261867e-01   1.5338895145154519e-01   1.6837510873638040e-01  -1.0746043997042944e-01  -1.9631545773184580e-01  -6.8100032788786832e-02   2.9586364716691682e-01   2.9581904266817538e-01  -1.5526994865528956e-01  -1.2118616064646887e-01   4.9902871116228362e-02   3.5697609499644800e-01   3.6134625862833308e-02   6.8182873120828130e-02   3.5445431381211306e-01  -9.6294995100942318e-02  -2.2196734918020128e-01
  -2.0925537810320419e-01  -7.7058523964694078e-02  -2.2640589696974373e-02   1.3141099135634082e-01  -3.9359512158774340e-02  -2.1586192291366652e-01   2.0677322079949514e-01  -4.4365069279721597e-01  -7.7068375745074261e-02   7.5309304627842730e-02  -1.8774720384373494e-01   3.2876584011165921e-01   9.4730943458254238e-02  -2.9373760752204497e-01  -1.8213979643194317e-01  -2.4823775440583191e-02   1.5198008492710596e-01   5.2343045640202279e-01   2.5125627810107332e-01  -2.3771861245017525e-02
  -2.3331989930515820e-01  -1.7239604529822169e-03   3.1434759751731572e-02   2.2775611128494078e-01   1.5717162422891565e-01   9.8778210834367705e-02  -1.2330187038596781e-01   4.7578778203155404e-02   2.1045359250161672e-01  -5.8214169795803947e-02   5.1815880953924920e-01   6.1749980504037724e-02   3.6430602098916159e-01   3.2375820342782080e-02  -3.1438268480450954e-01   1.3243702663376763e-01  -3.4617222207722553e-01   2.5844244336082767e-01  -2.5874522052850385e-01   1.3065067184610393e-01
  -2.4421429384846272e-01   2.9604040914910001e-01  -5.6980479678081397e-02   1.5990161692097701e-03  -9.3687154322693020e-02   2.3755411877314614e-01   3.5448081732585089e-02   1.2730556303781107e-01   1.5467644665701633e-01   6.4529496002685913e-02   2.1991193948950567e-02   4.6425371521129227e-01   2.4126017594724190e-02  -4.3405000770833768e-01   3.0014953175723630e-01   3.7305625080960358e-01   7.6054894664467451e-02  -2.8592088121748038e-01   3.3758436004842438e-03   1.3001903269448278e-01
  -2.1660004405732894e-01   1.1407669633699129e-01   1.0905984764002156e-01   9.6412146727568274e-02   2.3706924399271780e-02   2.6911614398231182e-01   4.2483085623488909e-01  -1.4854566250697782e-01   3.7910757770739212e-01   7.7591614571297762e-02  -1.5034999077674532e-01  -1.3829701644935349e-01  -5.3667498905775080e-01   1.4796046836832768e-02  -1.9475736571674498e-01  -1.6228325029321800e-01  -9.2238421881414678e-02   4.9594294287814049e-03  -2.8389157877697063e-01   1.0120566760324015e-01
  -2.3789481652606073e-01   8.1689457276784949e-02   3.1708462270665039e-01   1.9365120033973987e-01   2.0254683203967097e-01  -1.0570429954334435e-02  -7.9605367558268341e-03  -3.8813847185846218e-01  -1.6923185192540363e-01  -2.2539247783764646e-01   1.3600511132486362e-01   2.9490826747675086e-01  -3.5743782280254349e-02   3.0137399835706585e-01   2.7759011026938574e-01  -2.4769078649507995e-01  -2.0743381798041416e-01  -3.0976047288064346e-01   1.2462941125434997e-01  -1.9210531513308529e-01
  -2.3275048651971875e-01  -3.5216827157919606e-01   7.4157699285073736e-02  -1.5431050826893808e-01  -2.3167051971764763e-01  -3.5846220327275857e-01  -1.4169770959770797e-01  -7.4063265309814247e-02   4.6359158052862906e-02   1.3513698895235796e-01   6.3364370123577554e-02  -1.2506267783112418e-01  -1.3762993438015683e-01  -4.2026222976296290e-01  -1.2281317774257210e-01   2.4535825586962913e-02  -3.7419333385233039e-01  -3.0648815478131064e-01  -7.8284685015622107e-02  -3.0555716819492845e-01
  -2.1718758026461452e-01   2.4065422592413277e-01  -2.1156846980725691e-01  -1.2105526573435757e-01  -1.7529750719052059e-01  -1.6641961298459437e-01  -3.3387779714534405e-01   1.9860084000992456e-01   4.5281409886046670e-01  -2.7892929465295779e-01  -2.4597269904201649e-01   1.1130990461062090e-01   5.5167487537773986e-02   6.0282698564449053e-02   1.2724223201905877e-01  -4.3674045262711114e-01  -9.3722458014379478e-02   1.9344816912341836e-01   2.8316902688186169e-02  -9.9021693193442784e-02
  -2.3163074744527729e-01   2.6452368908160012e-01  -3.6598111686877527e-01   1.0751545578226386e-01  -8.1138609112526530e-02  -3.0718489918348396e-01   1.0499574058535048e-01  -1.3589649152333119e-01  -1.7193611700690937e-02   2.7760645888813046e-01   1.3796149001996813e-01  -5.5368286477155401e-02   2.0646265139537415e-01   2.1070884218420910e-01  -1.9373624917526353e-01  -1.0361332098818980e-01   4.1674307878128286e-01  -3.4057755867156420e-01  -2.5221559002463551e-01  -1.1135354127764607e-01
  -2.0905766834807832e-01  -3.8496930661455858e-01   1.7030412096793499e-01   1.3146554822990020e-01  -1.9168769662025195e-01   7.4484796578714291e-02  -1.6885911159791400e-01   2.8765944099467894e-01   1.2601460863836914e-01   4.6680272439797843e-01  -6.1909379847432146e-02   3.1600528189637012e-01  -1.3821813103093103e-01   4.5060902163619265e-01  -2.5033905727420591e-02   9.0912807035293627e-02   1.2192447048157802e-01   6.4013535228303053e-02   1.3126175767309015e-01  -5.9491334644007507e-02
  -2.4790843795755263e-01  -2.8485752124316543e-01  -5.2990856657466634e-01   2.1432324799730068e-01  -1.4343132627074068e-01   3.3563819015787955e-01  -2.6547654470578570e-02  -1.1558409586453031e-01  -6.9647408711200232e-02  -2.3186825927782834e-02   1.4657936046898609e-01  -2.6396950122773905e-01  -2.9895836816692924e-02  -3.8068148385094112e-02   1.3413207086711909e-01  -1.7346236836914258e-01  -8.1248359709582288e-02  -9.9576468283324684e-02   3.9747646742664128e-01   2.4877378370849917e-01
  -1.7993876141275350e-01  -4.2297807844731534e-02   9.9761600268458192e-02   1.0593514461143964e-01   1.9804843063498154e-01  -1.9238299492118691e-01  -5.6373613093438302e-01  -2.9333248242497434e-01   3.8315986652438822e-02  -7.7711260808684735e-02  -2.1026036927678135e-01  -1.8078407419738018e-01  -1.9308409348194086e-01   1.4706415462720676e-02   4.7033050197299434e-02   2.6365200956282758e-01   2.0720454836246441e-01  -2.8377084399917051e-02  -1.5651948057696388e-01   4.5024716662181957e-01
  -1.9837361445547222e-01   1.1371351314742925e-01   6.2524084451095377e-02  -2.6231628590109685e-01  -2.3160348532772485e-01   3.1474023192476372e-02  -1.0435881363882175e-01   1.8752094186570914e-01  -4.0372110665214506e-01  -3.2521196271678326e-01   2.9451528081195288e-01   1.9076382497365507e-01  -3.7004592435446038e-01  -9.1965454296555928e-03  -4.0994837745599305e-01  -1.1247842830799001e-01   1.9007208847632476e-01   1.6084698385644570e-02   5.1499654714855639e-02   1.6019611195916234e-01
  -2.1194167231036437e-01   1.5188039741253431e-01   1.9934971010767896e-02  -1.8986686422320678e-01   4.2885245666338218e-01   4.9173491960663507e-02  -4.1637757750687981e-02   2.1317673310574131e-01  -2.9171041981528928e-01   3.8445433378911337e-01  -3.3143452178525201e-01   2.7215707489375515e-02   1.7158319740956843e-01  -8.6259765784253026e-02  -2.0385324502827559e-01  -2.7716115146370351e-01  -2.7704122249905383e-01  -1.1768547587138774e-01   9.9069521117560136e-02   2.5078605967392026e-01
  -2.4619282383682697e-01  -2.1451439638340250e-01  -9.4741745281245501e-02   3.2377016778454015e-01   3.4607459813615765e-01   1.6895887014091626e-01  -5.2255557624662156e-02   3.1294440151572378e-01  -2.2621258209399497e-01  -2.1550346435483264e-01  -1.5203532445231988e-01  -5.6704531627944754e-02  -6.1201713325322885e-02  -2.1756194640795912e-01   5.7938010827570927e-02  -4.0668463218919988e-02   2.6042712488671399e-01   9.2315240044228170e-02  -2.8278599751729455e-01  -4.4073127933715284e-01
  -2.7688137691165077e-01  -2.9688892341938781e-02   4.8590352604416581e-01   1.1700888547837433e-02   2.8362327399730432e-02  -2.0923834376956418e-01   2.4006138492915766e-01   2.5888393877955868e-01   1.7069048582178475e-01  -3.2420808309500129e-02   2.0712880538584930e-01  -3.5360056648081145e-01   1.8438011316305886e-01  -1.4774891688088332e-01   1.8990620016903342e-01  -1.5673515178038472e-01   3.1797775061290645e-01   1.5536118931482193e-03   2.6304122144940872e-01   1.7916365299697379e-01
  -2.5222474312977278e-01  -8.0390160646537354e-02   1.5347337854762680e-01  -7.9300819466504247e-02  -5.0415604875836839e-01   1.4966509231151992e-01   1.4410848605712917e-01  -5.3614792951533284e-02  -3.2161951180899961e-01  -1.1350342337638844e-01  -3.0190178032566045e-01  -1.0747955183810733e-01   3.4378971707501671e-01   1.3691032316675550e-01   1.8228935110424146e-01   3.6335118739442049e-02  -1.1546345842373562e-01   7.9890606119872823e-02  -4.0889901007712520e-01   1.4981918876884792e-01
  -1.8491605161036126e-01  -3.5550721141653180e-01  -1.2132881664610350e-01  -4.8589743566190985e-01   2.6690951646940841e-01   7.2561906649085087e-02   2.1481851936748703e-01  -8.0499256933176166e-02   2.5093698890439659e-01  -3.4616362420481461e-01  -1.5553553893237609e-01   9.0753375894500707e-02   2.0363502277528558e-01   2.0328267483646362e-01  -2.0012444012186104e-01   2.3869354136717338e-01   1.1974315272457865e-01  -2.0112002008420604e-01   9.4589902642992579e-02  -2.6346199315858194e-02
  -1.8138792052293273e-01   4.0638782965672055e-01   1.4358325298739669e-01   9.7708829301313235e-02  -1.3494891442617166e-01   2.1794318824799414e-01  -1.4478290251359183e-01  -4.3915770088086552e-02  -1.0040111975899957e-02  -2.9116868847980499e-02  -1.8937662205139841e-01  -3.4899682318485814e-01   6.8027047467555446e-02   9.7123288420618334e-02  -2.8500411008490623e-01   3.6554277417230197e-01  -5.8556957141456700e-02  -3.5931156330791772e-03   3.8867731581848247e-01  -3.7570043908989337e-01
  -1.9894800327459466e-01   1.1281022447111551e-01  -2.5726557674173406e-01   8.3936721802391728e-02   1.0285682098870727e-01  -4.7923187933161382e-01   3.1342988756303558e-01   2.6655709280125300e-01  -1.5575313254766901e-01  -1.0092968242816650e-01  -1.6853794721463027e-02  -4.5577423590117697e-02  -2.5188663233725672e-01   2.3490234498371751e-01   2.0567230435974687e-01   3.6895581590097593e-01  -3.0871736839552416e-01   1.5561746108962971e-01   7.3554577114414280e-02   7.8311840644479602e-02
  -1.6658371523731585e-01   2.3293646850023914e-01  -2.0103240457123053e-01  -1.7666394665549140e-01  -1.3005381568912600e-01  -1.2316851969563143e-01   1.4864944480368431e-01  -1.4842573120733613e-01   2.2839139737747916e-01  -2.4736381727359166e-01   1.9691417911418038e-01  -2.3641207022071581e-01  -2.7383330693451668e-01  -3.0546417343787785e-01  -2.6220912708384231e-01   2.8304314937082664e-01   4.7518474044342690e-01   2.0532579467830932e-02   1.3218329842463611e-01   3.5818504731855230e-02
  -2.1574624967076253e-01  -2.9903702264411675e-01  -1.2579382372990069e-01  -1.0076758760909982e-01  -3.9448385804168949e-02   4.2895671170976063e-02   5.9258694004542367e-02   4.3494176905878423e-01   1.5117007568610877e-01   4.0539498508030099e-03   1.8243113049827311e-01  -3.9929594335639224e-01   4.9913899655532817e-01   2.9443552096038456e-01   9.7073687680731283e-02   5.0652645861038334e-02   2.1620361131928817e-01  -9.2671972299014332e-02   1.2424863001111580e-01   8.8272621134618159e-02
  -2.4585782913503917e-01   1.3631305534711399e-01   9.7741967454791329e-02  -4.1698970968413096e-01  -7.0421858194743656e-02   8.1882417364860932e-02  -9.5569907404273485e-02   2.4440469066249179e-01   2.6719863452922887e-01  -7.5514586135759787e-02  -1.2206550290414307e-01   2.3126343664905735e-01   1.7233478066694521e-01  -1.4073191683719169e-01  -2.0139516272108202e-01  -2.3610843245786642e-01  -1.6286677991430196e-01   5.4875220723325513e-01   1.0529643849509672e-01  -1.6423564677226385e-01
  -2.2579344746307994e-01   2.3207806391164384e-01   3.5406540470628278e-01   2.2333337745194397e-02  -1.8372079609218597e-01  -6.9744161419385109e-02   4.9387599105109765e-02  -1.1364868002603862e-01   1.9703351470543559e-01   3.9724612190622503e-02   3.4271168921425521e-01   4.0695777800498423e-01   9.0380898862836706e-02   9.5204165651902595e-02   4.9501596110032609e-01  -1.0238844580696500e-01   3.1139363025413053e-01  -1.1489574370909367e-01  -8.4620812972380860e-02  -4.2102707045037907e-02
  -2.4907390615272762e-01   3.2218250298954920e-01  -1.5349613863957074e-02  -3.5582592650635278e-02  -1.1364836337625993e-02   3.7074811354906950e-01   1.7263136861654881e-02   1.4318063173116610e-01  -5.1776324914026528e-01  -1.1767350150967819e-01   9.1760832929926577e-03   1.5853360320126736e-01   1.0134471783973506e-01  -4.5306321996643376e-02  -2.3480163781729746e-01  -1.9445796228127746e-01   7.8222941840061441e-02  -4.0595485015404942e-01   3.0123952751093497e-01   1.4190712984239646e-02
  -2.1519458588343815e-01   1.1844693904354053e-01  -1.9297068718949026e-01   3.7002004704633545e-01  -2.4923124189464280e-01   1.0306865099789553e-01   4.8591610614702330e-01  -4.0304392920847670e-02   6.9985391558617660e-02  -2.8573055326524644e-02   8.6380208880214693e-02   2.3109066535422648e-01   1.7049891102128586e-01   1.8360995489764856e-01  -1.9730466636466895e-01   3.6752097084282981e-01  -3.4581373673524773e-01   1.3928438493065881e-01  -1.0185380076553291e-01   4.8033833096091973e-02
  -2.2673787390135644e-01   4.1273549837040395e-02  -9.3661262493182365e-02  -1.5874709446982954e-01  -4.2598886301558891e-01  -2.8816024010927449e-01  -1.1909321609601078e-01   3.5191089104640882e-01  -1.6664298656638352e-01  -1.9658300459634320e-01   8.2578785018097248e-02  -1.4401988415749412e-01  -3.9955365795724768e-01   8.0732913223053995e-02   1.6303378672363708e-01  -4.7367697908789003e-02  -3.4536534450737355e-01  -1.6756737719416454e-01  -2.5560655338041233e-01  -9.3460728873335966e-02
  -2.9392700550438206e-01  -1.5350471683688749e-01  -2.0803815190774069e-01   2.6629446811115790e-02  -2.1523744966795080e-01  -2.1490080156410199e-01  -2.4362195693694155e-01  -5.6127561965892203e-01  -1.4206206171669380e-01  -4.3819835913246077e-02  -1.3668809950800859e-01  -5.4442463083268493e-02   1.0735045638045536e-01   2.9735647740144966e-01   4.5154554508345983e-02  -7.3780615488765702e-02  -8.0537696217205506e-03   9.9970925714891107e-02   3.6879609779726208e-01  -2.8621002611887347e-01
  -2.1882063994307910e-01  -3.9700668732485407e-02  -1.3928775297678644e-01   2.7800047512345399e-01   4.1360168890517704e-02  -3.1265715988368248e-01  -4.3539039068503940e-02   4.2096890340095394e-02  -3.1613539876257152e-01  -1.1397563282812052e-01  -1.2946947397192005e-01   9.5664653334958120e-04   3.9203080980076332e-01  -5.4856396097405602e-01   1.2433339393779849e-01  -5.7521618937144241e-02   1.4891715262150673e-01   1.4941155972374920e-01  -3.2089056618899603e-01   1.3371430402479262e-02
  -2.3604568312683480e-01   1.8839776793710999e-01  -2.8322449893895335e-01  -2.4507522078416394e-01   4.2745567728355560e-01   1.9311893867176907e-01  -1.4070650725135087e-01  -2.7940126928732040e-01   1.9375043072890086e-01  -2.0368412833961647e-01   9.4269199064346415e-02  -8.8485519625481734e-02   1.1107020950089981e-01  -8.2713003124239667e-02   3.1058881463887211e-01   6.9446121495835775e-02  -3.8067466036759640e-01  -1.6273751722772478e-01  -1.1739044824366952e-01   2.2191849963663174e-01
  -1.8761120745996532e-01   1.1058919925942505e-01  -3.1967623822761648e-01  -7.3991974912999400e-02   3.4556403817930492e-01  -1.6427619068257005e-02   3.1174487407017831e-01   1.6389913045816853e-01  -8.2754626687786853e-02   4.9214164735383964e-01  -5.7859898232499110e-02  -1.7064457934021077e-04  -2.1455778596773523e-01  -1.9196297062708235e-04   2.2266469801520469e-01   2.9861623385487861e-02   9.0901122601321827e-02   5.0068262021475962e-02   2.2899908696848093e-02  -4.9088904031797864e-01
  -1.8664749776294570e-01  -2.1520291114927917e-01   1.5044032568917193e-01  -1.1107557177582626e-01   3.5082295469291963e-01  -2.9359837169226150e-01  -3.2632752451748298e-01   1.2185193251563267e-01  -9.9525261569167051e-02   1.1178125859574936e-02   1.9974044974759780e-01   3.7453068601867118e-01   1.0387866625388637e-03   8.7432296512318722e-02  -2.9234513254460359e-01   4.9853722751104890e-01  -6.3136293853649382e-03  -1.2093617948037183e-01  -1.4916372788741413e-02  -8.0795353491974600e-02
  -2.0508973193937124e-01  -2.7232972211230516e-01   1.6944178999627657e-01   3.4696651715325949e-01  -2.6623763708076349e-02   1.4374188849390573e-02  -1.4793760322470073e-02   8.3814392671036658e-02   3.1689492700319838e-01   1.0375707876480585e-01   1.0471139264228341e-01  -4.9731069187317789e-02  -1.2012198335980427e-01  -4.7588648134861666e-01   4.5044183976826233e-02  -6.6723221487258941e-02  -2.9582155452066761e-01  -2.3178002008766002e-01   4.5168322062812688e-01  -9.6256982272710637e-02
  -2.4674088367454039e-01   3.3235590491411376e-01  -2.6256382774454350e-02   4.2005680072945711e-01   1.0039265396969696e-01  -5.6164864867787045e-03  -3.7332705980735342e-01   8.0572603369926568e-02   3.6124836424471002e-01   1.4377164966396566e-01  -2.2008534613779177e-01  -1.3953229926340754e-01  -5.1977467698410156e-02   2.2195670812397844e-01  -2.9370497233595971e-01  -1.7877620487654489e-01   1.2616622342881381e-01  -1.3492729210889620e-01  -2.6677029993795265e-01  -3.1447650699241630e-02
  -2.2369616897551708e-01   1.5414987002890113e-01   2.9746011502350683e-01   2.3281718373054264e-01   1.0818535220985237e-01   2.0754452242269428e-01  -1.8856452438134175e-01   7.4829329124244170e-02  -2.9699145149074924e-01   4.6661858438099967e-02   1.3013584867691622e-01  -2.9617568727158933e-01  -2.2460967341131666e-01   7.6093582387221997e-02   2.1341887177076416e-01   2.3582499680522395e-01   3.4959144430366388e-03   5.1198009753477414e-01   1.6079461487213159e-01   2.1713708182131400e-01
  -2.0798389695970840e-01  -4.3753847730952167e-01   1.1848969062901900e-01   5.6380636375812129e-02   4.7346728726733275e-02   5.0782501652448131e-01   5.9996094135150224e-02  -6.0857647105330898e-02   3.1873703441501380e-02  -4.0292641330394563e-01  -1.6309742085738471e-01   3.1788851771031752e-02  -1.9059997732389478e-01   1.6347658738324108e-02   3.7786776835867480e-02   4.3698185050553021e-02   1.8708085807487984e-01  -3.7160257459224653e-03  -3.1682805827423172e-01  -3.3815688753857454e-01
  -2.1034011414788445e-01   4.6401698088327795e-02   4.3375088052043625e-01  -4.7824167456164468e-02   3.2900123212483923e-01  -3.9045296782150990e-01   4.8318126171457748e-01  -5.0243774135855554e-02  -8.5543548241060387e-03  -2.5476862278682938e-01  -2.9965274590142876e-01  -1.6917289940101399e-01  -3.4258016785318410e-02   1.7654471528501481e-01  -5.8800777668218916e-02  -1.4933625401924128e-01  -7.1318102189568439e-02  -7.5790266361546760e-02   7.3823638020039536e-02   9.3384762263875640e-02
  -2.0279905711706517e-01  -3.2467188646756945e-01  -3.5026758121951240e-01   7.7528227870938021e-02   1.0924381264084203e-01  -5.6998859420187134e-02   6.3264399521721082e-02   6.9246983058977293e-02   1.1011550028688479e-02   1.1362320941467351e-02   4.1890826573506637e-02   3.4450937745045890e-01  -3.3130229813817202e-01   1.0939210584649284e-01  -1.2283812604793606e-02  -3.5342056287394985e-01   1.5869093243705093e-01   1.4327777057445037e-01   6.6392138915105453e-02   5.3215233332715217e-01
  -2.0752395216579222e-01  -5.0684771880780605e-02   8.8298729953430050e-02  -2.2965721038568518e-01  -2.7008021011834815e-01   9.0992830924546839e-02  -3.2122661141079596e-02  -8.5168303497565774e-03   4.7481204741823345e-02   3.2441905012225936e-01  -6.3120973233347077e-01   7.9982233575049980e-02  -1.4789996550337586e-02  -1.0312657433579457e-01   1.5155623107003097e-01   3.6150967388618910e-01   8.2770818570379392e-02  -1.6648318597802292e-01   9.3918502299782866e-03   3.1623573673674665e-01
  -2.6422141897441909e-01  -1.8763125302507142e-01   2.1055161537192182e-01  -2.2304885622532084e-01  -8.9472422948318919e-02   8.6162587171615415e-02   1.0127560033235436e-01  -3.2154162775766787e-01  -1.3043564580252487e-01   4.6177152936907390e-01   3.1739603969855951e-01  -2.2550598462704446e-01   1.9403065373309374e-02  -9.7251401585479222e-02  -3.2361730706871650e-01  -2.0278643560653975e-01  -8.9238814045766335e-02  -1.9849167485918275e-02  -3.4280290162291432e-01   9.1803656210077994e-02
  -2.1738168557481657e-01   9.4218120640203518e-02  -4.1666226286643133e-02   4.7906147024258119e-02  -2.4657882975208592e-01  -5.4876903392010457e-01  -1.7864859333907829e-01  -9.7064462631782866e-02   1.1903909710874078e-01  -3.2406185359197215e-01   2.5380788603178761e-01  -2.0786218998340336e-02   6.9856273582875161e-02   1.9075755361020896e-01  -2.7060781592869920e-01  -2.0455005735042006e-01  -6.9976993803246901e-02  -1.3360083858900548e-01   2.5257943301405794e-01   3.3111142997672538e-01
  -2.0800765485374859e-01  -3.7894399770691256e-02  -3.3167026687710527e-01   3.7045901282986021e-01   2.5167805158522222e-01  -2.3708318021443037e-01   1.5936058777536086e-01   7.1432736618122120e-02   4.0957140989134216e-01   2.5747068845938009e-01   6.5401872990878449e-02   1.4066799738579550e-01   9.9297107401248599e-02  -2.2428976918679130e-01   3.1880277342888119e-01  -1.0954794514697476e-01   9.6361326539754891e-02  -8.6690187346936065e-02  -2.4755923175493977e-01   2.1911240401827239e-01
  -2.0189793945135309e-01   1.2227950971959123e-01  -1.0967229908034618e-01   4.1352044852966563e-01  -1.0339035165000963e-01   3.6869550647578547e-01  -5.3273627983950433e-01  -1.4312998325751627e-01   2.1895095617705900e-02  -1.2580280911680295e-02   1.7448745949056335e-01   5.9638392984032347e-02   1.1091503629474966e-01  -3.5399477544043956e-01  -7.3491409847265932e-02  -3.2742558915549204e-02  -7.0535852554150347e-02   2.3925473446446927e-01   2.0719808999229206e-01  -1.6266754397287292e-01
  -2.6606830405057075e-01  -2.1589734628963309e-01   1.7551220148415672e-01   3.2067174091641298e-01  -5.2802717361772932e-03   2.9606208175360021e-01   4.6877386886365940e-01  -4.0970917396964242e-02  -1.3895929382944650e-01  -4.0556652441651686e-01   3.7671555671598973e-02  -1.7805424769653819e-01  -7.7939146817248312e-02  -2.3232482404819854e-01  -2.3688821950112533e-02   4.5527644285427001e-02   5.1847143904564526e-02  -3.4957167700523473e-01   1.4087357679656207e-01   1.2457704299188704e-01
  -2.2570099974862307e-01   9.7188982789093228e-03  -4.4304798790722538e-01  -2.4490421936479845e-01   2.9445346695330488e-01  -1.8209111561192784e-01   8.2113367067651686e-03  -1.7334373015417981e-01  -1.4589214406301867e-01  -4.1876095157545666e-02   9.7920638631756748e-02   7.2957210010023685e-02  -1.1667766338065866e-01  -1.0523788642156369e-01   2.3302780921496034e-02   4.1341000063026179e-01  -3.0543982477603288e-01  -2.5880560730768892e-01   2.0589015280823250e-01  -3.2552428327746108e-01
  -2.2526959710789837e-01   4.3904219931910743e-01   2.3730386181197685e-01  -8.1670331020007078e-02  -2.2757763914722315e-01  -2.6758132916009803e-02  -2.4165856364499347e-02  -3.4360141290413670e-01   2.1043266350257375e-01   2.2464283292170920e-01  -4.0450854832035810e-01  -1.7195107930856803e-02  -2.0680114349511634e-02  -5.2180228387475200e-02   1.6538998194129156e-01   1.4712210131540523e-01   2.9336305851509914e-01  -2.9549726037453117e-01   1.8962273832179014e-01  -4.6938739200925235e-02
  -2.1897036484974872e-01  -6.0109606890431794e-02   1.6947442615712680e-01  -2.0645444633255530e-01  -3.9786571592331801e-02   6.1279629624796980e-02  -1.8198834708831474e-01   3.2197217956360996e-01   4.0057698111366363e-01   6.4881526646192469e-02   3.0366200860135900e-01  -2.9631388730847441e-01  -4.2675416830061569e-01  -7.3318139295704812e-02  -1.0202357328095114e-01  -1.2210143028177600e-01   4.9925998558431106e-02  -2.2031654439194837e-01  -1.8070693829867068e-01  -3.0624581806920603e-01
  -2.4751978828751012e-01  -3.2760153763860017e-01  -1.8017554355591128e-01  -4.5773656797851942e-01   1.1615836529045276e-01   2.7311455189121736e-01  -1.1448052084574227e-01  -8.7319086986151387e-02   2.1483630295912465e-01  -7.3384592318438552e-02  -1.9588745647540728e-01  -2.5718021487358639e-01   5.0372835135975902e-01   3.5049365123764262e-02   3.4505352051041924e-02  -2.1815011678850624e-01   2.4049297200438073e-02  -1.2433197017288268e-02   8.1164567198342558e-02   1.1612717650614904e-01
  -2.9329943222241611e-01  -1.5206328082487142e-01   1.0951977699939675e-01   2.1529004673515109e-01  -1.0333150838654835e-01  -3.1091455356833164e-01   2.0318836663397813e-01  -2.3204963775262356e-02  -1.8746505329556337e-01   2.3488060570034083e-01   5.5083971055178468e-02  -2.6668484029785960e-01   3.8216026129027769e-01   1.2064591829997838e-01  -1.8629608655080343e-01   5.8562617924160981e-02   1.7138872650683701e-01   1.9054446034581227e-01  -1.0029369074609527e-01  -4.9436186502136753e-01
  -2.2762975306327515e-01  -3.4995148048421565e-01   1.0623096871408112e-01  -2.0205408425233132e-01  -1.2098835926703363e-01  -1.2159227168981901e-01   7.8638087520828806e-02   6.1077651397106511e-02  -5.3254913189418732e-02   2.2044405443895815e-01  -2.3933559008300920e-01   4.9132518027242955e-01  -1.7819153123790760e-01  -4.0010566058537089e-01  -3.8290095728994933e-01  -1.1991659880695520e-01   1.7863510681362053e-02   1.2758942732696796e-01   9.6895569269290591e-02   7.3075682262029276e-02
  -2.1483070218324127e-01   1.2828191377968234e-01  -4.5099290232124951e-02   1.6831920444185819e-01   3.6264619034275919e-01   5.1284928391747364e-02  -6.3196844004837854e-02   9.2058736382102629e-02  -3.1883357280648233e-01   1.6505190740570930e-01  -2.4440009990828476e-01  -6.8998421424761574e-03  -2.2383549598671934e-01   3.0846277479371592e-01   1.8278442258409962e-02  -5.9554565063104714e-01  -6.7223681447089234e-02  -1.2702735818664279e-01   2.0219362937829657e-01  -9.9707548522946221e-02
  -2.0177313654288714e-01  -5.6996078208694199e-02  -2.7879347065572224e-01   7.5761824149010712e-02  -4.7286854018397140e-01   9.7264164712909898e-02  -4.6831835607061122e-03  -2.7190050769526429e-02  -1.6284418501173542e-01   2.8083970284268617e-01  -1.9712337239826103e-01  -3.2681520055457464e-01  -2.1344030887833482e-01   9.0862471776738674e-02   2.2222117357900187e-03   1.0222944679012320e-01  -4.1655596740687839e-01   2.0420380100512021e-02  -2.6574742410896329e-01   2.8083110928073418e-01
  -2.0193453949935344e-01   1.6328674507819774e-01  -3.3975241370304265e-01  -2.2411102741900080e-01  -1.4143234415664024e-01   1.6409626521691020e-01   3.1069143667129323e-01  -5.8853194618774293e-02  -7.2311842128940332e-02   1.8673788708813661e-02   3.2292799788894616e-01   2.2793931050602611e-03  -2.5648092560278840e-01   1.1271131842107643e-01   1.0983451436956751e-01  -6.1839893475048917e-02   4.4124191248992478e-01   4.2097078162245899e-01   1.9297267132314841e-01   8.1179368228884233e-02
  -2.2971561510450966e-01   1.3936326770688101e-01   3.5461043044695745e-01  -6.6731522183998651e-02   4.9876942037142664e-02   2.3206798007637236e-01   1.9908723596637543e-01   1.5115929977055512e-01   1.0902644727537045e-01   3.4075487854205755e-01   3.5808194113558733e-01   2.4373028500709540e-01   2.3492942760981320e-01   2.4978722971763204e-01   3.7049199761912142e-02   1.3597027502776848e-01  -4.0156877107784317e-01  -7.6252676426582703e-05   2.0112322296824545e-01   1.5490956339210632e-01
  -2.5217698083855855e-01   1.4702686899471840e-01   7.1759355756179357e-03  -1.5896699284546625e-01  -3.1377463973012193e-01  -6.6815797720573819e-02  -1.0021770206320557e-01   4.5085187589293163e-01  -3.1397218960250384e-01  -2.7903428696724991e-01  -2.7531088346612820e-02   2.5858745805620376e-01   2.0426537649008614e-01  -1.1683319639314116e-01   4.5800235858242067e-01  -8.4088837239982311e-02   2.7451707629050142e-03  -9.3192452428703235e-02  -1.8023540704254176e-01  -1.2563951101907581e-01
  -1.9397546277240815e-01   3.5497332160215839e-01   1.0415423021391043e-01  -1.8111917676176295e-01   2.8558819135249353e-01   7.2154813626906469e-02  -5.8175530705766039e-02  -2.5133973757950290e-01  -2.9268147101528413e-01  -9.2585969577494379e-03   1.8201809766343297e-01   2.2066721201215720e-04   8.9655543577307165e-02  -1.6222038155547103e-01  -3.0634401560763641e-01  -4.1539666103301419e-02   9.3978414090446383e-02  -6.4396473866018905e-02  -5.7230918768878969e-01   2.2376547570682431e-01
  -1.9928459519471220e-01  -3.6702974524233045e-01   9.7248342396396140e-02   8.6234071102090110e-02  -6.6925771540574386e-02   1.0666599598717834e-01  -1.4063069589004215e-01  -4.4153469239940552e-01   8.9492393276259699e-02  -1.6808002535199040e-01   4.9850597734824635e-02   3.9579622636458583e-01  -1.6976238853865719e-01   4.5221606392335589e-01   1.8265693740570171e-01   2.5628864750012172e-02   4.2629858801538988e-02  -1.4081077277129568e-02  -3.0770882875739231e-01  -1.3658636315418982e-01
  -1.9627976964305754e-01  -2.6048326278052547e-01   2.6520069414282738e-01   1.6626857758872966e-02   2.7573520578232885e-01  -1.6951222548569769e-01  -3.7948803502153305e-01   1.3694260112897261e-01  -2.4382453879357863e-01   9.9472226547942175e-02   1.2525891360573430e-02  -2.0569776651912114e-01  -1.4258766357142583e-01   1.3259762537592656e-02   2.5057012618966307e-01   3.6876982538461373e-01   2.3871758622450498e-01   1.4702378511121789e-01   1.4360521697491010e-01   3.5378573530083440e-01
  -2.1421812804042129e-01   1.7647263354114059e-01  -1.8933041870406681e-01   1.5388569797193430e-01   1.1662341222292913e-01   1.5561224423506598e-01  -2.8288832498167885e-02   4.1430486663464650e-01   2.0537114039985338e-01  -2.2383941393354334e-01  -3.3742417064283120e-01   1.4037709738116189e-01   2.0448279290476590e-02   3.1484761365357816e-01  -3.9603990503385600e-01   3.6605717440266061e-01   1.5326225611254474e-01   7.5073452452335765e-02  -8.2749731683965447e-02   3.1121594417886568e-02
  -2.0837699538054877e-01   1.7784233993563925e-01   2.4674461411793955e-01  -4.9470390269141705e-02   1.8579825264879929e-01  -1.6885217082218043e-01   1.6305982342875286e-01  -1.1099867605489341e-01   2.2127638673186015e-01  -3.3121241575737875e-01  -2.3204619101112384e-01  -1.4363927949059094e-01  -1.5237331534069223e-01  -1.2924521387113483e-01   1.6725344063817918e-01  -5.7211984779291999e-02  -3.7538346813682683e-01   5.5277651219088020e-01  -6.1103008152711948e-02  -7.1833077682776261e-02
  -2.4457832610316685e-01   3.1683303419465308e-01  -5.3487843769989560e-03  -3.7341701419592166e-01  -1.2016998476554053e-01  -1.8656078954197527e-01  -3.4687768653335194e-01  -2.0190512941645475e-01   3.0691387886199695e-01   2.9160137830862226e-01  -1.1660839603935479e-02   1.3572859049211197e-01   2.1596613564269243e-01  -2.6857237002402414e-02  -8.4792287272456718e-02  -3.9791616939582297e-01   1.1686906094260865e-01  -1.0463950535015750e-02  -1.8638985664835908e-01   1.7552597898818306e-01
  -2.5112876915242377e-01  -1.8320912738465106e-01   1.7609223029615317e-02   1.7052921758574466e-01   1.9216444181513440e-01  -3.8598495215167333e-01   1.3332927995324181e-01  -9.8798823254648255e-02  -5.8641443649116817e-02  -1.0768612186208328e-01  -4.2880178022940786e-02  -4.0135773377638845e-01   7.5222543134725303e-02  -3.9231880574832440e-01   3.2987342529716429e-01  -2.8321852191663743e-01  -4.2241594004405664e-02   3.2384009842764028e-01  -1.5793432774220331e-01   4.8635791502412512e-02
  -2.1617458032398967e-01  -2.8857421124469967e-01   5.0044358675166163e-02  -2.9103216144617972e-01   2.7189303103497958e-02  -3.8049972782601367e-02   8.4577198985189672e-02   3.0520824833994065e-01   1.0041919472814090e-01   7.8035792547537883e-02  -1.1318837040770335e-01  -1.0900768113179712e-01  -1.7555126765927778e-01  -1.9229461585743701e-01   2.1124786693878250e-01   1.4112182237256096e-01   1.1298421560092409e-01  -6.4450896892600573e-01  -9.4428787510486778e-02   2.6461002320060811e-01
  -2.1413257513338260e-01   9.5176402451561989e-02   4.2117799488774627e-01   3.0416396880157986e-01  -2.8674947771067671e-01   2.3970631767357903e-01   1.2976436422273174e-01   1.3090218817956728e-01   6.6059997166477051e-03   2.1636889846101764e-01  -5.0532580946606155e-02  -2.1984837987280903e-01  -4.4053955150027014e-03  -1.7964146274624523e-01  -2.7179079009961604e-01  -3.0220848052387128e-01  -7.1414068710972931e-02  -8.0164599947220069e-02   4.2758789246533352e-01   1.0922052583852375e-01
  -2.0390474302836240e-01  -1.4028674579545086e-01   1.5744796348323953e-01   3.4194318728634815e-01   4.3893757005214629e-01  -1.7825085793564246e-01  -2.5891699605390589e-01  -1.7779624957414444e-01   4.1266518056716793e-02   3.4050441249745989e-02   2.6176103366892173e-01   1.6641952853070560e-02  -1.6909661299510954e-02   3.5393392801064866e-01  -1.5883859603253547e-01   1.2988872792047312e-01  -1.7163347854194050e-01  -1.2404121709875490e-01   5.6817670156521692e-02   4.3191641252369140e-01
  -2.3194028391308241e-01  -8.4791790289849830e-02  -2.1123403002650164e-02  -4.8548577551690883e-02  -1.0530929226250539e-01  -3.0849839647689681e-01  -4.1821523632728737e-02   2.1198464020791283e-01  -4.6290366539717361e-02   3.7257754383923303e-01  -2.9964088716387421e-01  -2.3575423088520858e-01   1.6819889593715023e-01   5.2013694370227537e-01   1.4352183328507057e-01   1.7947306571752414e-01  -2.2667920725376333e-02   1.0038749872024685e-01   1.9631347301494950e-01  -3.1011069872159458e-01
  -2.4243002438495320e-01  -3.0810910634770128e-01   1.1861171122360212e-01   1.7810083218851407e-02  -1.9354539201674795e-01  -1.4155382899239538e-01  -2.2676051826572573e-02  -1.3648119988996735e-01  -3.2516053453195110e-02  -2.9855984492310350e-01   1.8151166471190228e-01  -1.0297942136684123e-02  -2.6900749453749667e-01   2.0394744386043961e-01  -2.7609556709838923e-01  -1.8015004102745014e-01   5.6312197661161645e-01  -4.5184925576210878e-02  -7.6498498272106405e-02  -2.9048518336703683e-01
  -2.6478706074187863e-01  -1.2904849191740125e-01  -3.0294148408759669e-01  -2.7284738618686979e-02   2.5808436546160995e-01   1.5253998153659096e-01  -4.0211176652066888e-02  -3.0289960481243883e-01  -3.9362888434560062e-01   1.2546050872990339e-01  -3.1648885664926935e-01   3.1480049988331221e-01   6.0370593299625880e-02  -1.8882703565722758e-01   7.2344795147439994e-03  -2.8323507297681773e-02   2.4370017470433736e-01  -2.4425901632182192e-02   4.0811228088160095e-01   2.8805645262571802e-02
  -2.4827313202918408e-01  -2.4356817330564029e-01   1.9751848895132079e-01   1.1521636135653666e-01  -2.4282414624237597e-01   2.6675898834546052e-01   4.7221025765249759e-02   1.4452787061678737e-01  -1.7374343507713266e-01  -1.7609742802694864e-01  -1.6359603631906508e-01   4.2756914213020297e-01   2.4693261222514376e-01   2.4577426320338475e-01   2.5886073537614951e-01  -1.8677227610706493e-01  -1.6217196607627454e-01   1.0569159571085462e-01  -3.3719387100033060e-01   1.6818093129315775e-01
  -2.4245487123683560e-01   2.2135937815535904e-02  -1.7255926330919177e-01   1.1782766026530932e-01   3.4426311421983791e-01  -8.4540307479785033e-03   8.9486380791013051e-02   6.2288845901660750e-01   8.3109198015374502e-02   1.8770003835104127e-01   2.3506296979598501e-01   2.7729246638175065e-01   7.1098532274240137e-02  -1.7650476538783652e-01  -2.8085647822467108e-01  -4.3806243966463529e-02   7.8637581812701723e-02   1.5496965622701045e-01  -1.3648965277270222e-01  -2.0581021826618984e-01
  -1.7244716433208529e-01   2.0844256953739532e-01   7.3298420289579211e-02  -5.2934932570967619e-01   2.1323836347551506e-01  -5.8524624504088331e-02   2.0532318399222876e-01   9.2962567629922527e-02  -3.7364350726068030e-01  -2.6390396828610724e-01   5.9408906240771220e-02  -7.3176040531083619e-02  -2.1114033454624950e-01   2.0152469735167577e-01  -1.6790630052735325e-01  -2.5049155548159968e-01  -3.6917899317206049e-01   1.4736345357522353e-02   1.0349770693467124e-01   6.5531349935274725e-03
  -2.0511733016394307e-01   4.7009523743500442e-01   2.3826462573852905e-01   1.3936835277007428e-01  -1.2020731772612658e-02  -2.1377993065192066e-01   3.8216712420476556e-01  -1.1570850570556727e-01   1.5694698403058979e-02   5.8328040285286507e-02  -2.5679603480873003e-01   2.3627566771938532e-01  -3.3875475180660553e-01  -8.2356482803933890e-03   2.0247898669226314e-02   3.4306458970499182e-01   1.7713554085997654e-01   1.2435023481539732e-01  -1.8107525294003010e-01   1.3222801813797294e-01
  -1.8404137204695531e-01   4.6249613923130994e-01  -9.2030358387727566e-04   1.4104830329659213e-01   1.6941428832446928e-01   1.6398602383701055e-01  -1.6896854774202583e-01   1.6528561730988031e-01   1.4636663129735003e-01  -3.9684848761760805e-01   1.1292384431365501e-01  -5.9932337966008740e-02   9.7692851288073979e-02   1.2604986478146099e-01   4.8263391078629680e-01  -7.4641639320830025e-02   2.3759333555247183e-01  -1.5770007915273904e-01   2.5735942186666749e-01  -1.1882592624727908e-01
  -2.4883807636116925e-01   5.9444287730776750e-02  -1.6171754107757116e-01  -7.9297086324766453e-02  -2.2565599712746590e-05   5.0284485833690507e-01  -3.0015560560394888e-01   7.3789356390997110e-02  -7.7466903457528269e-02   9.6192585531189138e-03  -1.1477122446931270e-01  -4.4383030012435082e-01  -1.9704399053544044e-01   3.2470003835218135e-02  -1.2543602904976278e-01   2.2295410585598160e-01   1.2372532719318217e-01   3.2605637067008386e-01  -2.6200659359990752e-01   2.0462461613558983e-01
  -2.2386376535756758e-01  -6.2843443868198659e-03  -3.2219116055764374e-01   8.5342535817857501e-02  -3.3386698629996636e-01  -2.8606521319430989e-01  -2.1279062166608953e-01   1.3316374575139506e-01   2.0209547713375428e-01  -4.6858995501471745e-01  -2.2765569864418947e-01   1.0548809412675139e-01  -1.2543492552392337e-02  -1.6990573414456300e-01  -2.4963171692987932e-01   1.8791576499031171e-01  -2.8503127951019291e-01   2.4054303683153744e-02   2.0160813136890260e-01   9.9735844542642962e-02
  -2.2095583216450310e-01  -2.8783526790337719e-02  -2.7884600789534203e-01   2.3119232498087620e-02   1.2102897894769797e-01   2.5287542203410396e-01   5.3904111272295707e-01  -3.0033665051954894e-01   4.1780647909972163e-01  -8.4456749534404560e-02  -7.7005147838521151e-02  -1.6454959910717992e-01   2.7859204201622245e-01   1.7786845900246639e-01  -1.7832387296144600e-01  -1.3837900158867484e-02  -9.8761151126029095e-02  -1.6325839369502382e-01  -1.0315707023044518e-01  -9.8526145207171345e-02
  -2.3590764370734457e-01   2.4067305503085659e-01  -2.7626807739967391e-01   2.3424723967604000e-01  -2.9651403623614764e-01  -5.1788520022661315e-02  -3.2644504193714945e-02  -1.4411699273387849e-01  -4.5432024682698907e-01   1.5933413091139861e-01   3.5042948060194584e-01  -8.5053876737043524e-02   4.8722481774356403e-02  -8.3718789581531644e-02   3.8515864294599939e-02   8.5861241624111670e-02  -1.8277080863402151e-01  -3.6047830796273639e-01  -2.6001867272472834e-01  -1.7822228840059817e-01
  -1.5375547838601256e-01  -6.0473620122639037e-02   2.9134114666134686e-01   3.6528425940500542e-02   2.1810140964283059e-01   1.5567098541722499e-01  -3.1569946609585420e-01  -1.8796743507253405e-01   1.8142992260088150e-01   2.9194189737299973e-02  -2.3335399320902905e-01   9.4420879322789003e-02  -2.6366441796728768e-01  -1.7217606247558959e-01   2.8622825014158533e-02   1.9964386073683164e-02  -3.6446318505169351e-01  -1.2425055040220900e-01  -1.4477878512623255e-01  -5.5940703827115812e-01
  -2.2838068807095563e-01  -7.0796573314136607e-02   3.8379018952989202e-01  -3.2715965265296643e-01  -5.4324851685001133e-02   4.0223272943363135e-02   1.7153037000801934e-02  -1.2228794151126011e-01  -2.5835283672682289e-02  -9.6076193362761728e-02   3.3233702429070672e-01   1.8994539196879667e-02   4.3877550118416003e-01  -2.3426104871098366e-01  -1.9761084220976062e-02   5.0182930966832773e-01   2.8431773997298064e-02   1.5397748416066431e-01   1.3035130724820987e-01  -8.2722865530269599e-02
  -2.0459616920125873e-01  -1.6159380045914812e-01  -2.0381463939431410e-01  -9.9437771293201235e-02  -2.0369526640930211e-01   1.1241582606441600e-01   1.1413570437229840e-01  -9.7968565360301380e-02   2.6948219802891610e-01   2.1579007446346860e-01   4.1032810976583861e-01   1.7038816584363928e-01  -4.4311682298747707e-01   4.2846891015723830e-02   3.5130970689275443e-01  -1.5408361108742111e-02  -1.7397703784461654e-01   2.5831267539527603e-01   2.5852024078286667e-01   3.9848886831055842e-02
